1.0,-1.0,641.5,485.500486,13.0,12.999988,0.500093,-1.0,-1.0,-1.0
1.0,-1.0,818.500672,322.49997400000007,22.999935999999998,55.99997200000001,0.814185,-1.0,-1.0,-1.0
1.0,1.0,1129.500608,371.49998,27.000064000000002,67.99996,0.830502,-1.0,-1.0,-1.0
1.0,2.0,1644.5002880000002,357.499886,27.000064000000002,66.999988,0.836256,-1.0,-1.0,-1.0
1.0,5.0,273.50067199999995,585.49982,58.999936,125.0002,0.877543,-1.0,-1.0,-1.0
1.0,3.0,596.5008320000001,420.500174,43.999936,84.000052,0.880276,-1.0,-1.0,-1.0
1.0,4.0,1166.50064,488.49962,37.0,94.99996,0.883255,-1.0,-1.0,-1.0
1.0,6.0,987.4995200000001,443.50034,46.0,96.00004,0.890532,-1.0,-1.0,-1.0
1.0,7.0,1261.5008,742.49996,82.0,139.00024,0.894187,-1.0,-1.0,-1.0
1.0,8.0,1520.5001599999998,424.500494,40.0,82.999972,0.895949,-1.0,-1.0,-1.0
1.0,-1.0,1885.5003519999998,504.500386,34.999936,106.999948,0.898043,-1.0,-1.0,-1.0
1.0,9.0,718.5005120000001,749.49998,85.99993599999999,155.00044,0.90147,-1.0,-1.0,-1.0
1.0,10.0,1113.499808,560.4999799999999,48.000064,119.99980000000001,0.90973,-1.0,-1.0,-1.0
2.0,-1.0,640.4996799999999,487.49951200000004,13.0,12.000016,0.553481,-1.0,-1.0,-1.0
2.0,2.0,1647.500672,359.499992,22.999935999999998,66.000016,0.821919,-1.0,-1.0,-1.0
2.0,1.0,1127.500832,373.50003200000003,25.999936,66.000016,0.82621,-1.0,-1.0,-1.0
2.0,-1.0,817.500352,322.50002800000004,22.999935999999998,58.000023999999996,0.831402,-1.0,-1.0,-1.0
2.0,5.0,270.49932800000005,587.4999799999999,57.000064,125.0002,0.873581,-1.0,-1.0,-1.0
2.0,6.0,983.4993920000001,444.500528,46.999936,97.999984,0.885678,-1.0,-1.0,-1.0
2.0,3.0,596.4996799999999,420.50028199999997,43.0,85.999996,0.886714,-1.0,-1.0,-1.0
2.0,4.0,1168.5009919999998,488.49962,34.999936,94.99996,0.886824,-1.0,-1.0,-1.0
2.0,7.0,1269.500768,745.5002,78.000064,137.00008,0.88828,-1.0,-1.0,-1.0
2.0,-1.0,1884.499168,505.5004659999999,36.000064,106.999948,0.888939,-1.0,-1.0,-1.0
2.0,8.0,1522.5005119999998,425.50052,37.999936000000005,82.0,0.896929,-1.0,-1.0,-1.0
2.0,9.0,719.5008320000001,753.5003,85.99993599999999,152.0002,0.904104,-1.0,-1.0,-1.0
2.0,10.0,1114.5001280000001,560.4999799999999,48.000064,119.99980000000001,0.910087,-1.0,-1.0,-1.0
3.0,-1.0,640.5008032000001,486.499486,13.9999936,12.999988,0.594397,-1.0,-1.0,-1.0
3.0,1.0,1125.500192,372.500006,25.999936,66.999988,0.830207,-1.0,-1.0,-1.0
3.0,-1.0,815.4997119999999,323.500054,22.999935999999998,57.000052,0.837389,-1.0,-1.0,-1.0
3.0,2.0,1648.4990719999998,360.50007200000005,22.999935999999998,66.000016,0.841242,-1.0,-1.0,-1.0
3.0,3.0,596.5004479999999,420.50028199999997,42.000064,85.999996,0.881085,-1.0,-1.0,-1.0
3.0,-1.0,1883.5,506.49946600000004,37.0,108.000028,0.88287,-1.0,-1.0,-1.0
3.0,7.0,1277.500832,746.50028,73.999936,138.00016,0.883396,-1.0,-1.0,-1.0
3.0,4.0,1169.499392,488.499674,34.999936,97.00001200000001,0.891915,-1.0,-1.0,-1.0
3.0,8.0,1525.500032,426.500492,34.999936,78.999976,0.90072,-1.0,-1.0,-1.0
3.0,10.0,1114.49936,560.4999799999999,49.0,121.99996,0.913001,-1.0,-1.0,-1.0
3.0,5.0,267.5,588.5000600000001,55.0,125.0002,0.915011,-1.0,-1.0,-1.0
3.0,9.0,720.5,753.49922,85.0,156.00052,0.915217,-1.0,-1.0,-1.0
3.0,6.0,981.500672,445.499528,46.999936,97.999984,0.926294,-1.0,-1.0,-1.0
4.0,-1.0,640.4996799999999,488.499592,13.0,12.000016,0.612348,-1.0,-1.0,-1.0
4.0,-1.0,814.499392,323.500162,22.999935999999998,58.999996,0.814543,-1.0,-1.0,-1.0
4.0,-1.0,1883.5,496.50033999999994,37.0,119.99980000000001,0.82364,-1.0,-1.0,-1.0
4.0,2.0,1649.49968,362.500178,25.0,65.000044,0.853168,-1.0,-1.0,-1.0
4.0,3.0,598.5008,419.500202,40.0,85.999996,0.864984,-1.0,-1.0,-1.0
4.0,1.0,1121.4992,372.500006,28.0,66.999988,0.872702,-1.0,-1.0,-1.0
4.0,7.0,1287.500672,744.50012,70.99993599999999,141.00039999999998,0.888182,-1.0,-1.0,-1.0
4.0,4.0,1170.499232,489.49975400000005,37.999936000000005,97.00001200000001,0.892211,-1.0,-1.0,-1.0
4.0,8.0,1526.4992,427.500518,34.0,78.000004,0.903122,-1.0,-1.0,-1.0
4.0,9.0,724.500608,756.49946,81.00006400000001,155.00044,0.906436,-1.0,-1.0,-1.0
4.0,5.0,265.5001280000001,590.50022,54.000063999999995,124.00012000000001,0.914639,-1.0,-1.0,-1.0
4.0,10.0,1116.5,560.49998,49.0,123.00004,0.918485,-1.0,-1.0,-1.0
4.0,6.0,977.5004479999999,445.499474,48.000064,97.00001200000001,0.924403,-1.0,-1.0,-1.0
5.0,-1.0,640.4996799999999,487.49962,13.0,13.999960000000002,0.667287,-1.0,-1.0,-1.0
5.0,-1.0,812.4995200000001,325.500214,22.0,57.000052,0.801066,-1.0,-1.0,-1.0
5.0,2.0,1650.5,363.500258,25.0,65.000044,0.845172,-1.0,-1.0,-1.0
5.0,-1.0,1885.5003519999998,496.50034,34.999936,120.99988,0.855652,-1.0,-1.0,-1.0
5.0,3.0,599.499968,418.500176,39.000063999999995,88.000048,0.860961,-1.0,-1.0,-1.0
5.0,8.0,1528.499552,428.499626,31.999935999999998,79.99994799999999,0.873583,-1.0,-1.0,-1.0
5.0,4.0,1172.50064,491.499914,37.0,97.00001200000001,0.874274,-1.0,-1.0,-1.0
5.0,1.0,1117.5001280000001,372.500006,30.000064,66.999988,0.876634,-1.0,-1.0,-1.0
5.0,7.0,1296.5,741.5004200000001,73.0,145.99972,0.882155,-1.0,-1.0,-1.0
5.0,6.0,973.5003200000001,445.49958200000003,49.0,98.999956,0.904778,-1.0,-1.0,-1.0
5.0,10.0,1118.50064,562.50014,49.0,121.99996,0.913029,-1.0,-1.0,-1.0
5.0,9.0,731.500352,758.4996199999999,76.999936,155.00044,0.914124,-1.0,-1.0,-1.0
5.0,5.0,263.49920000000003,591.5003,52.0,125.0002,0.917647,-1.0,-1.0,-1.0
6.0,-1.0,640.4996799999999,488.499646,13.0,12.999988,0.619392,-1.0,-1.0,-1.0
6.0,-1.0,811.4992,326.50029400000005,22.0,55.99997200000001,0.814859,-1.0,-1.0,-1.0
6.0,-1.0,1886.49952,494.50017999999994,34.0,124.00012000000001,0.822526,-1.0,-1.0,-1.0
6.0,2.0,1651.5003199999999,362.50028599999996,25.0,66.999988,0.822721,-1.0,-1.0,-1.0
6.0,1.0,1112.499968,372.500006,33.000064,66.999988,0.85561,-1.0,-1.0,-1.0
6.0,3.0,603.500672,420.50028199999997,34.999936,85.999996,0.858992,-1.0,-1.0,-1.0
6.0,8.0,1528.499552,428.499626,31.999935999999998,81.000028,0.859829,-1.0,-1.0,-1.0
6.0,6.0,971.499392,445.499528,46.999936,97.999984,0.883401,-1.0,-1.0,-1.0
6.0,7.0,1299.499328,739.50026,75.000064,148.99996,0.889466,-1.0,-1.0,-1.0
6.0,4.0,1174.500512,494.5000999999999,37.999936000000005,96.00004,0.905795,-1.0,-1.0,-1.0
6.0,10.0,1118.4998719999999,563.50022,49.999936,120.99988,0.907656,-1.0,-1.0,-1.0
6.0,5.0,261.49932800000005,592.5003800000001,51.000064,124.00012000000001,0.908459,-1.0,-1.0,-1.0
6.0,9.0,739.499648,760.49978,69.00006400000001,154.00036,0.914229,-1.0,-1.0,-1.0
7.0,-1.0,640.4996799999999,489.49972599999995,13.0,12.999988,0.617407,-1.0,-1.0,-1.0
7.0,-1.0,1887.500608,517.500076,33.000064,101.000008,0.720997,-1.0,-1.0,-1.0
7.0,-1.0,810.5004832000001,328.50039999999996,19.9999936,55.0,0.817048,-1.0,-1.0,-1.0
7.0,2.0,1652.5003519999998,362.50028599999996,22.999935999999998,66.999988,0.824998,-1.0,-1.0,-1.0
7.0,1.0,1111.4996480000002,374.500112,33.000064,66.000016,0.843132,-1.0,-1.0,-1.0
7.0,8.0,1529.5003519999998,428.499626,28.999936,81.000028,0.850837,-1.0,-1.0,-1.0
7.0,3.0,604.500992,422.500442,34.999936,85.999996,0.876418,-1.0,-1.0,-1.0
7.0,7.0,1300.50032,738.50018,79.0,148.99996,0.893201,-1.0,-1.0,-1.0
7.0,9.0,745.499552,761.49986,61.999936000000005,156.00052,0.899447,-1.0,-1.0,-1.0
7.0,4.0,1174.500032,497.50034,40.999936,94.99996,0.906538,-1.0,-1.0,-1.0
7.0,5.0,260.499872,594.4994600000001,49.999936,124.00012000000001,0.915262,-1.0,-1.0,-1.0
7.0,6.0,971.4998720000001,445.49958200000003,43.999936,98.999956,0.916356,-1.0,-1.0,-1.0
7.0,10.0,1118.4993919999997,565.50038,52.999936000000005,120.99988,0.917906,-1.0,-1.0,-1.0
8.0,-1.0,638.5009600000001,490.49975200000006,13.0,12.000016,0.589267,-1.0,-1.0,-1.0
8.0,-1.0,1888.4998719999999,517.50013,31.999935999999998,101.99998000000001,0.723844,-1.0,-1.0,-1.0
8.0,9.0,750.500192,760.50032,55.999936,159.99975999999998,0.747078,-1.0,-1.0,-1.0
8.0,-1.0,807.4998400000001,328.50045400000005,22.0,57.000052,0.798929,-1.0,-1.0,-1.0
8.0,2.0,1652.5003519999998,361.50025999999997,22.999935999999998,67.99996,0.823142,-1.0,-1.0,-1.0
8.0,8.0,1529.5003519999998,427.499654,28.999936,82.999972,0.843524,-1.0,-1.0,-1.0
8.0,1.0,1111.49936,376.500272,31.0,66.000016,0.856203,-1.0,-1.0,-1.0
8.0,3.0,602.5004479999999,423.500522,42.000064,85.999996,0.878526,-1.0,-1.0,-1.0
8.0,5.0,258.5,595.49954,49.0,124.00012000000001,0.897513,-1.0,-1.0,-1.0
8.0,7.0,1305.5,740.5003399999999,79.0,145.99972,0.89923,-1.0,-1.0,-1.0
8.0,4.0,1174.499168,499.500446,42.000064,93.999988,0.901561,-1.0,-1.0,-1.0
8.0,6.0,971.500352,445.49958200000003,40.999936,98.999956,0.920512,-1.0,-1.0,-1.0
8.0,10.0,1118.4993919999997,567.5005399999999,52.999936000000005,119.99980000000001,0.921797,-1.0,-1.0,-1.0
9.0,-1.0,637.4998432,490.49986,13.9999936,13.999960000000002,0.659472,-1.0,-1.0,-1.0
9.0,-1.0,1889.5009599999998,517.50013,31.0,101.99998000000001,0.717917,-1.0,-1.0,-1.0
9.0,-1.0,805.500352,329.500534,22.999935999999998,55.99997200000001,0.813082,-1.0,-1.0,-1.0
9.0,2.0,1651.499168,362.500232,24.000064000000002,66.000016,0.844687,-1.0,-1.0,-1.0
9.0,3.0,598.500512,425.499602,49.999936,85.999996,0.848826,-1.0,-1.0,-1.0
9.0,8.0,1528.5008,425.499602,28.0,85.999996,0.849407,-1.0,-1.0,-1.0
9.0,9.0,762.500672,763.50002,52.999936000000005,156.00052,0.867886,-1.0,-1.0,-1.0
9.0,1.0,1108.5003199999999,375.500192,31.0,66.000016,0.884914,-1.0,-1.0,-1.0
9.0,7.0,1308.499328,741.50042,81.00006400000001,143.99956,0.894317,-1.0,-1.0,-1.0
9.0,4.0,1175.4992,499.50050000000005,40.0,94.99996,0.905698,-1.0,-1.0,-1.0
9.0,5.0,258.5,597.4997000000001,49.0,124.00012000000001,0.910876,-1.0,-1.0,-1.0
9.0,6.0,970.5007999999999,446.499662,40.0,98.999956,0.918493,-1.0,-1.0,-1.0
9.0,10.0,1118.500448,568.5006199999999,54.000063999999995,118.99972,0.919913,-1.0,-1.0,-1.0
10.0,-1.0,636.4995232000001,491.49994,13.9999936,13.999960000000002,0.556439,-1.0,-1.0,-1.0
10.0,3.0,598.5007999999999,426.499682,52.0,85.999996,0.668451,-1.0,-1.0,-1.0
10.0,-1.0,1891.499392,516.5001040000001,28.999936,104.00003199999999,0.673864,-1.0,-1.0,-1.0
10.0,-1.0,803.50048,330.49953400000004,22.0,57.000052,0.805048,-1.0,-1.0,-1.0
10.0,2.0,1650.499232,362.50028599999996,25.999936,66.999988,0.835221,-1.0,-1.0,-1.0
10.0,8.0,1528.500032,425.499548,28.999936,85.000024,0.859027,-1.0,-1.0,-1.0
10.0,1.0,1107.50048,374.50022,28.0,69.00004,0.861572,-1.0,-1.0,-1.0
10.0,9.0,761.49968,765.50072,61.0,156.99952,0.884262,-1.0,-1.0,-1.0
10.0,7.0,1317.4993279999999,744.5001199999999,75.000064,138.00016,0.887934,-1.0,-1.0,-1.0
10.0,5.0,256.49983999999995,598.49978,46.0,125.0002,0.899437,-1.0,-1.0,-1.0
10.0,4.0,1175.4992,499.50050000000005,40.0,94.99996,0.902233,-1.0,-1.0,-1.0
10.0,6.0,968.4993920000001,446.499662,40.999936,98.999956,0.907392,-1.0,-1.0,-1.0
10.0,10.0,1118.500448,569.49962,54.000063999999995,118.99972,0.92327,-1.0,-1.0,-1.0
11.0,-1.0,635.4992032,492.50002,13.9999936,13.999960000000002,0.545686,-1.0,-1.0,-1.0
11.0,-1.0,1896.499168,515.500024,24.000064000000002,104.00003199999999,0.646551,-1.0,-1.0,-1.0
11.0,3.0,596.49968,427.49970800000006,55.0,85.000024,0.795336,-1.0,-1.0,-1.0
11.0,2.0,1651.49984,363.500312,28.0,66.000016,0.827333,-1.0,-1.0,-1.0
11.0,-1.0,800.500672,330.49953400000004,22.999935999999998,57.000052,0.830682,-1.0,-1.0,-1.0
11.0,1.0,1105.500608,373.50014,27.000064000000002,69.00004,0.833815,-1.0,-1.0,-1.0
11.0,8.0,1527.500768,425.50046599999996,30.000064,81.000028,0.849959,-1.0,-1.0,-1.0
11.0,7.0,1324.49984,746.50028,70.0,134.99992,0.884029,-1.0,-1.0,-1.0
11.0,4.0,1176.500768,499.50050000000005,36.000064,94.99996,0.891076,-1.0,-1.0,-1.0
11.0,5.0,254.50035200000005,600.49994,46.999936,125.0002,0.891605,-1.0,-1.0,-1.0
11.0,6.0,967.49984,448.499768,40.0,97.999984,0.898159,-1.0,-1.0,-1.0
11.0,9.0,759.4990399999999,766.5008,73.0,156.99952,0.910325,-1.0,-1.0,-1.0
11.0,10.0,1118.4993919999997,570.4997,52.999936000000005,118.99972,0.925909,-1.0,-1.0,-1.0
12.0,-1.0,634.49968,493.50010000000003,13.0,13.999960000000002,0.534376,-1.0,-1.0,-1.0
12.0,-1.0,1902.5001568,519.500236,18.0000064,101.000008,0.686675,-1.0,-1.0,-1.0
12.0,1.0,1102.4996480000002,375.500246,27.000064000000002,66.999988,0.730089,-1.0,-1.0,-1.0
12.0,7.0,1340.499968,746.50028,57.000064,140.00032000000002,0.79361,-1.0,-1.0,-1.0
12.0,3.0,597.499712,427.49970800000006,52.999936000000005,85.000024,0.798568,-1.0,-1.0,-1.0
12.0,2.0,1653.5009599999998,365.500364,25.0,62.999992,0.799768,-1.0,-1.0,-1.0
12.0,-1.0,798.499648,331.49966799999993,21.000064,58.000023999999996,0.846026,-1.0,-1.0,-1.0
12.0,8.0,1528.500032,426.500492,28.999936,78.999976,0.859993,-1.0,-1.0,-1.0
12.0,6.0,965.5003519999999,448.499768,40.999936,97.999984,0.901238,-1.0,-1.0,-1.0
12.0,5.0,252.49971200000002,602.5001,46.999936,125.0002,0.902435,-1.0,-1.0,-1.0
12.0,4.0,1175.5004480000002,501.49952599999995,36.000064,93.999988,0.90284,-1.0,-1.0,-1.0
12.0,9.0,756.499232,770.50004,85.99993599999999,156.99952,0.914418,-1.0,-1.0,-1.0
12.0,10.0,1118.50016,572.49986,52.0,117.99964,0.921411,-1.0,-1.0,-1.0
13.0,-1.0,633.49936,494.50012599999997,13.0,12.999988,0.569924,-1.0,-1.0,-1.0
13.0,-1.0,1904.5004800000002,521.500288,16.0,97.999984,0.621319,-1.0,-1.0,-1.0
13.0,2.0,1653.500192,366.500498,25.999936,63.999964,0.796871,-1.0,-1.0,-1.0
13.0,-1.0,797.499328,332.499694,21.000064,57.000052,0.837897,-1.0,-1.0,-1.0
13.0,3.0,599.500832,429.499814,49.999936,84.000052,0.853051,-1.0,-1.0,-1.0
13.0,1.0,1099.49984,376.500326,28.0,66.999988,0.862062,-1.0,-1.0,-1.0
13.0,8.0,1526.500448,426.499466,30.000064,81.000028,0.863221,-1.0,-1.0,-1.0
13.0,7.0,1341.499328,743.50058,63.000064,144.99964,0.871194,-1.0,-1.0,-1.0
13.0,4.0,1175.5004480000002,502.4996060000001,36.000064,93.999988,0.895491,-1.0,-1.0,-1.0
13.0,9.0,754.4991679999999,773.50028,90.000064,156.99952,0.896453,-1.0,-1.0,-1.0
13.0,6.0,964.5008,450.49987400000003,40.0,97.00001200000001,0.907558,-1.0,-1.0,-1.0
13.0,5.0,249.499808,604.50026,48.000064,123.00004,0.908168,-1.0,-1.0,-1.0
13.0,10.0,1117.49984,572.49986,52.0,115.99948,0.911725,-1.0,-1.0,-1.0
14.0,-1.0,633.5001568,495.500152,12.000006399999998,12.000016,0.499326,-1.0,-1.0,-1.0
14.0,-1.0,1906.5008032,520.500262,13.9999936,100.00003600000001,0.528397,-1.0,-1.0,-1.0
14.0,2.0,1654.4996480000002,366.499472,27.000064000000002,66.000016,0.805737,-1.0,-1.0,-1.0
14.0,-1.0,793.4992,334.499854,22.0,55.99997200000001,0.828652,-1.0,-1.0,-1.0
14.0,1.0,1098.5002880000002,379.500458,27.000064000000002,65.000044,0.866961,-1.0,-1.0,-1.0
14.0,3.0,599.5004479999999,429.499868,48.000064,85.000024,0.868526,-1.0,-1.0,-1.0
14.0,8.0,1525.5005119999998,428.499626,31.999935999999998,79.99994799999999,0.87625,-1.0,-1.0,-1.0
14.0,7.0,1342.49984,743.50058,70.0,146.9998,0.87785,-1.0,-1.0,-1.0
14.0,9.0,753.5,776.49998,91.0,155.00044,0.897521,-1.0,-1.0,-1.0
14.0,5.0,246.50028799999998,605.5003399999999,51.000064,124.00012000000001,0.89764,-1.0,-1.0,-1.0
14.0,4.0,1177.5008,504.499658,34.0,92.00004399999999,0.913445,-1.0,-1.0,-1.0
14.0,10.0,1119.49904,572.49986,49.0,115.99948,0.914545,-1.0,-1.0,-1.0
14.0,6.0,961.4998400000001,452.500034,40.0,97.00001200000001,0.915059,-1.0,-1.0,-1.0
15.0,-1.0,632.49904,496.500286,13.0,12.999988,0.575749,-1.0,-1.0,-1.0
15.0,2.0,1654.4996480000002,368.499578,27.000064000000002,63.999964,0.820312,-1.0,-1.0,-1.0
15.0,-1.0,792.500032,335.499934,22.999935999999998,57.000052,0.829207,-1.0,-1.0,-1.0
15.0,1.0,1096.499648,379.500512,27.000064000000002,66.000016,0.866059,-1.0,-1.0,-1.0
15.0,7.0,1345.49984,741.5004200000001,76.0,148.99996,0.881524,-1.0,-1.0,-1.0
15.0,8.0,1524.50048,429.499706,34.0,81.000028,0.885433,-1.0,-1.0,-1.0
15.0,3.0,597.50096,429.499868,49.0,85.000024,0.890461,-1.0,-1.0,-1.0
15.0,5.0,244.500032,606.5004200000001,52.999936000000005,124.00012000000001,0.901323,-1.0,-1.0,-1.0
15.0,9.0,755.500352,778.50068,88.999936,156.99952,0.906973,-1.0,-1.0,-1.0
15.0,6.0,959.4991999999999,452.500088,40.0,97.999984,0.911227,-1.0,-1.0,-1.0
15.0,4.0,1178.5003519999998,504.499658,34.999936,92.00004399999999,0.917351,-1.0,-1.0,-1.0
15.0,10.0,1119.49904,572.49986,49.0,116.99956,0.918805,-1.0,-1.0,-1.0
16.0,-1.0,631.4998432000001,496.50034,13.9999936,13.999960000000002,0.608743,-1.0,-1.0,-1.0
16.0,-1.0,790.5001599999999,335.499934,22.0,57.000052,0.809343,-1.0,-1.0,-1.0
16.0,2.0,1654.5008,368.499578,28.0,65.000044,0.83325,-1.0,-1.0,-1.0
16.0,1.0,1094.5009280000002,379.499486,27.000064000000002,66.999988,0.851753,-1.0,-1.0,-1.0
16.0,3.0,597.500192,429.499976,49.999936,86.999968,0.872558,-1.0,-1.0,-1.0
16.0,7.0,1347.499232,740.50034,79.999936,150.00004,0.884093,-1.0,-1.0,-1.0
16.0,8.0,1524.499328,428.49968,33.000064,82.0,0.886162,-1.0,-1.0,-1.0
16.0,9.0,760.500992,780.49976,82.99993599999999,156.99952,0.896292,-1.0,-1.0,-1.0
16.0,4.0,1180.5006080000003,504.49971200000005,33.000064,93.000016,0.897624,-1.0,-1.0,-1.0
16.0,5.0,242.49939200000003,606.5004200000001,52.999936000000005,125.0002,0.898028,-1.0,-1.0,-1.0
16.0,6.0,956.5004479999999,454.500248,42.000064,97.999984,0.910846,-1.0,-1.0,-1.0
16.0,10.0,1119.500192,570.4997,49.999936,119.99980000000001,0.911205,-1.0,-1.0,-1.0
17.0,-1.0,631.50064,497.500366,13.0,12.999988,0.675946,-1.0,-1.0,-1.0
17.0,-1.0,1907.5008032,463.50031999999993,13.9999936,114.0004,0.513206,-1.0,-1.0,-1.0
17.0,-1.0,787.4992,336.500014,22.0,55.99997200000001,0.799653,-1.0,-1.0,-1.0
17.0,2.0,1655.500832,368.499632,25.999936,66.000016,0.831728,-1.0,-1.0,-1.0
17.0,1.0,1092.499232,378.50048599999997,25.999936,66.999988,0.846798,-1.0,-1.0,-1.0
17.0,8.0,1522.49984,427.499654,34.0,84.000052,0.872692,-1.0,-1.0,-1.0
17.0,3.0,597.500192,430.49989400000004,49.999936,84.000052,0.876167,-1.0,-1.0,-1.0
17.0,5.0,240.50067199999998,606.5004200000001,52.999936000000005,124.00012000000001,0.887459,-1.0,-1.0,-1.0
17.0,7.0,1351.499168,742.5005,84.00006400000001,145.99972,0.888687,-1.0,-1.0,-1.0
17.0,4.0,1179.49952,502.49966,34.0,96.00004,0.894093,-1.0,-1.0,-1.0
17.0,6.0,953.50064,453.500168,43.0,97.999984,0.894764,-1.0,-1.0,-1.0
17.0,9.0,768.5,781.49984,73.0,156.99952,0.896894,-1.0,-1.0,-1.0
17.0,10.0,1120.5001280000001,568.49954,48.000064,123.00004,0.902309,-1.0,-1.0,-1.0
18.0,-1.0,631.4995168,498.50044599999995,12.000006399999998,12.999988,0.492122,-1.0,-1.0,-1.0
18.0,11.0,1907.5008032,464.50039999999996,13.9999936,112.00023999999999,0.605429,-1.0,-1.0,-1.0
18.0,-1.0,786.4996479999999,337.500094,21.000064,57.000052,0.795067,-1.0,-1.0,-1.0
18.0,2.0,1654.5005119999998,367.499552,25.999936,66.000016,0.842554,-1.0,-1.0,-1.0
18.0,8.0,1521.4995199999998,426.499574,34.0,84.000052,0.846202,-1.0,-1.0,-1.0
18.0,1.0,1088.50016,378.50048599999997,28.0,66.999988,0.867963,-1.0,-1.0,-1.0
18.0,7.0,1354.4996480000002,743.50058,87.000064,144.99964,0.870938,-1.0,-1.0,-1.0
18.0,4.0,1179.500288,500.499662,33.000064,98.999956,0.880631,-1.0,-1.0,-1.0
18.0,3.0,600.499712,431.499974,46.999936,82.999972,0.881938,-1.0,-1.0,-1.0
18.0,5.0,239.50083200000003,605.5003399999999,49.999936,124.00012000000001,0.886281,-1.0,-1.0,-1.0
18.0,9.0,776.5001599999999,781.49984,64.0,158.99968,0.893257,-1.0,-1.0,-1.0
18.0,10.0,1120.5001280000001,567.49946,48.000064,125.0002,0.902182,-1.0,-1.0,-1.0
18.0,6.0,950.49968,452.500034,43.0,97.00001200000001,0.907001,-1.0,-1.0,-1.0
19.0,-1.0,628.89968,498.10036,20.2,11.8,0.25,-1.0,-1.0,-1.0
19.0,11.0,1906.4996767999999,466.49947999999995,15.0000064,110.00008,0.660896,-1.0,-1.0,-1.0
19.0,-1.0,782.4995200000001,337.500094,22.0,57.000052,0.801106,-1.0,-1.0,-1.0
19.0,2.0,1654.49936,366.499472,25.0,66.000016,0.831262,-1.0,-1.0,-1.0
19.0,8.0,1519.4996480000002,425.499602,33.000064,85.999996,0.832851,-1.0,-1.0,-1.0
19.0,7.0,1364.499968,748.4993600000001,81.00006400000001,142.00048,0.8592,-1.0,-1.0,-1.0
19.0,1.0,1085.500352,380.499458,28.999936,65.000044,0.875614,-1.0,-1.0,-1.0
19.0,4.0,1178.4992,500.499662,34.0,98.999956,0.880908,-1.0,-1.0,-1.0
19.0,5.0,236.50064000000003,605.50034,49.0,123.00004,0.88941,-1.0,-1.0,-1.0
19.0,9.0,782.5008320000001,782.49992,55.999936,159.99975999999998,0.89038,-1.0,-1.0,-1.0
19.0,3.0,606.4998079999999,433.50007999999997,42.000064,82.0,0.898213,-1.0,-1.0,-1.0
19.0,6.0,947.499008,452.500088,45.000064,97.999984,0.902462,-1.0,-1.0,-1.0
19.0,10.0,1120.5001280000001,566.49938,48.000064,127.00036,0.910129,-1.0,-1.0,-1.0
20.0,-1.0,630.3998399999999,497.10028000000005,20.2,11.8,0.25,-1.0,-1.0,-1.0
20.0,11.0,1905.5004800000002,468.5005039999999,16.0,104.00003199999999,0.74302,-1.0,-1.0,-1.0
20.0,-1.0,780.499648,338.50017399999996,21.000064,57.000052,0.801915,-1.0,-1.0,-1.0
20.0,2.0,1654.5005119999998,365.4995,25.999936,67.99996,0.806769,-1.0,-1.0,-1.0
20.0,9.0,794.500352,784.50008,46.999936,157.9996,0.843175,-1.0,-1.0,-1.0
20.0,1.0,1081.5001280000001,381.499538,30.000064,65.000044,0.864049,-1.0,-1.0,-1.0
20.0,7.0,1373.50064,749.49944,79.0,142.00048,0.878132,-1.0,-1.0,-1.0
20.0,8.0,1518.4993279999999,424.50044,33.000064,82.0,0.878699,-1.0,-1.0,-1.0
20.0,5.0,231.500192,605.5003399999999,49.999936,124.00012000000001,0.886165,-1.0,-1.0,-1.0
20.0,4.0,1178.5003519999998,500.4995540000001,34.999936,97.00001200000001,0.892141,-1.0,-1.0,-1.0
20.0,3.0,604.4991679999999,435.500186,42.000064,81.000028,0.89465,-1.0,-1.0,-1.0
20.0,10.0,1120.5001280000001,567.4994600000001,48.000064,124.00012000000001,0.905412,-1.0,-1.0,-1.0
20.0,6.0,947.5006400000001,451.500062,43.0,100.00003600000001,0.90553,-1.0,-1.0,-1.0
21.0,-1.0,635.5,496.5001996,13.0,11.0000008,0.370806,-1.0,-1.0,-1.0
21.0,11.0,1904.4993632,467.50047799999993,16.9999936,105.000004,0.79798,-1.0,-1.0,-1.0
21.0,2.0,1654.5001280000001,366.499472,24.000064000000002,66.000016,0.80529,-1.0,-1.0,-1.0
21.0,-1.0,777.4998400000001,338.500228,22.0,58.000023999999996,0.809456,-1.0,-1.0,-1.0
21.0,1.0,1078.5003199999999,381.499538,31.0,65.000044,0.852759,-1.0,-1.0,-1.0
21.0,7.0,1383.5,748.4999,79.0,146.9998,0.860533,-1.0,-1.0,-1.0
21.0,9.0,798.500768,785.50016,48.000064,159.99975999999998,0.8687,-1.0,-1.0,-1.0
21.0,8.0,1517.4998719999999,425.500412,31.999935999999998,78.999976,0.880127,-1.0,-1.0,-1.0
21.0,5.0,229.49916799999997,606.5004200000001,48.000064,124.00012000000001,0.88382,-1.0,-1.0,-1.0
21.0,3.0,602.49968,435.500186,43.0,81.000028,0.892583,-1.0,-1.0,-1.0
21.0,4.0,1178.5003519999998,502.4996060000001,34.999936,93.999988,0.902009,-1.0,-1.0,-1.0
21.0,10.0,1120.4990719999998,568.5006199999999,46.999936,119.99980000000001,0.906311,-1.0,-1.0,-1.0
21.0,6.0,947.4994879999999,451.500062,42.000064,98.999956,0.912446,-1.0,-1.0,-1.0
22.0,-1.0,647.4001599999999,492.93364,20.2,11.8,0.25,-1.0,-1.0,-1.0
22.0,11.0,1903.5001568,465.5004799999999,18.0000064,110.00008,0.792663,-1.0,-1.0,-1.0
22.0,-1.0,774.5008,339.500308,22.0,58.000023999999996,0.798651,-1.0,-1.0,-1.0
22.0,2.0,1654.49936,367.499552,25.0,66.000016,0.823276,-1.0,-1.0,-1.0
22.0,1.0,1074.499328,380.49951200000004,33.000064,66.000016,0.865871,-1.0,-1.0,-1.0
22.0,7.0,1394.5004480000002,745.4996600000001,78.000064,151.00012,0.866319,-1.0,-1.0,-1.0
22.0,8.0,1515.49952,426.500546,34.0,79.99994799999999,0.88487,-1.0,-1.0,-1.0
22.0,4.0,1179.5006720000001,503.49974000000003,34.999936,94.99996,0.890752,-1.0,-1.0,-1.0
22.0,3.0,600.4998079999999,436.50026599999995,42.000064,81.000028,0.895137,-1.0,-1.0,-1.0
22.0,9.0,797.5004479999999,787.50032,60.000064,161.99992,0.901998,-1.0,-1.0,-1.0
22.0,6.0,947.4992,451.500062,40.0,100.00003600000001,0.90681,-1.0,-1.0,-1.0
22.0,10.0,1120.4990719999998,570.4997000000001,46.999936,116.99956,0.90923,-1.0,-1.0,-1.0
22.0,5.0,225.49980799999997,606.5004200000001,48.000064,125.0002,0.910138,-1.0,-1.0,-1.0
23.0,-1.0,662.90032,489.76708,20.2,11.8,0.25,-1.0,-1.0,-1.0
23.0,11.0,1904.4993632,464.50023799999997,16.9999936,105.000004,0.769797,-1.0,-1.0,-1.0
23.0,-1.0,773.499328,340.500334,21.000064,57.000052,0.811943,-1.0,-1.0,-1.0
23.0,2.0,1654.49936,368.499578,25.0,65.000044,0.83735,-1.0,-1.0,-1.0
23.0,4.0,1180.5001280000001,506.499872,36.000064,93.000016,0.872813,-1.0,-1.0,-1.0
23.0,7.0,1404.49952,742.49942,76.0,155.00044,0.881949,-1.0,-1.0,-1.0
23.0,1.0,1071.5002880000002,379.49954,33.000064,67.99996,0.883928,-1.0,-1.0,-1.0
23.0,8.0,1516.499552,428.499518,31.999935999999998,78.000004,0.887073,-1.0,-1.0,-1.0
23.0,3.0,599.499872,436.50026599999995,43.999936,81.000028,0.902243,-1.0,-1.0,-1.0
23.0,9.0,795.499328,791.50064,75.000064,158.99968,0.903904,-1.0,-1.0,-1.0
23.0,10.0,1121.499008,572.49986,45.000064,116.99956,0.911309,-1.0,-1.0,-1.0
23.0,5.0,223.50003199999998,607.49942,46.999936,126.00027999999999,0.914683,-1.0,-1.0,-1.0
23.0,6.0,947.4992,452.500142,40.0,98.999956,0.920574,-1.0,-1.0,-1.0
24.0,-1.0,680.50048,486.500512,16.0,12.000016,0.31547,-1.0,-1.0,-1.0
24.0,11.0,1904.4993632,462.5002399999999,16.9999936,115.00048,0.734785,-1.0,-1.0,-1.0
24.0,4.0,1181.500832,506.49998,37.999936000000005,94.99996,0.804733,-1.0,-1.0,-1.0
24.0,-1.0,770.500672,341.500414,22.999935999999998,57.000052,0.810316,-1.0,-1.0,-1.0
24.0,2.0,1655.4996800000001,368.499686,25.0,66.999988,0.826853,-1.0,-1.0,-1.0
24.0,7.0,1411.500128,741.49988,78.000064,156.99952,0.872488,-1.0,-1.0,-1.0
24.0,8.0,1516.499552,429.49965199999997,31.999935999999998,78.999976,0.876973,-1.0,-1.0,-1.0
24.0,1.0,1070.499968,379.49954,33.000064,67.99996,0.880064,-1.0,-1.0,-1.0
24.0,3.0,598.5006079999999,436.50032,45.000064,82.0,0.903063,-1.0,-1.0,-1.0
24.0,10.0,1122.500192,573.49994,43.999936,116.99956,0.90352,-1.0,-1.0,-1.0
24.0,5.0,219.50096000000002,609.49958,49.0,127.00036,0.90707,-1.0,-1.0,-1.0
24.0,9.0,794.4994879999999,793.49972,84.00006400000001,159.99975999999998,0.914663,-1.0,-1.0,-1.0
24.0,6.0,947.4994879999999,454.500248,42.000064,97.999984,0.921441,-1.0,-1.0,-1.0
25.0,-1.0,695.5006432000001,484.500352,16.9999936,12.000016,0.401323,-1.0,-1.0,-1.0
25.0,11.0,1905.5004800000002,462.50023999999996,16.0,110.00008,0.707541,-1.0,-1.0,-1.0
25.0,-1.0,768.5008,341.500522,22.0,58.999996,0.781316,-1.0,-1.0,-1.0
25.0,2.0,1655.4996800000001,368.499686,25.0,66.999988,0.804013,-1.0,-1.0,-1.0
25.0,7.0,1415.50016,741.4993400000001,82.0,156.00052,0.868921,-1.0,-1.0,-1.0
25.0,8.0,1515.499232,428.499626,31.999935999999998,81.000028,0.88241,-1.0,-1.0,-1.0
25.0,5.0,216.49923200000003,611.49974,49.999936,127.00036,0.883045,-1.0,-1.0,-1.0
25.0,9.0,793.49936,795.4998800000001,91.0,159.99975999999998,0.886797,-1.0,-1.0,-1.0
25.0,1.0,1068.4993279999999,380.49956599999996,33.000064,66.999988,0.887957,-1.0,-1.0,-1.0
25.0,3.0,598.499552,437.50045400000005,43.999936,82.999972,0.900064,-1.0,-1.0,-1.0
25.0,4.0,1183.49984,506.49998,40.0,94.99996,0.900924,-1.0,-1.0,-1.0
25.0,10.0,1124.500448,574.50002,42.000064,115.99948,0.905401,-1.0,-1.0,-1.0
25.0,6.0,947.499872,456.500354,43.999936,97.00001200000001,0.909842,-1.0,-1.0,-1.0
26.0,-1.0,710.50048,482.500246,16.0,12.999988,0.428836,-1.0,-1.0,-1.0
26.0,-1.0,767.499328,342.49952199999996,21.000064,58.999996,0.766693,-1.0,-1.0,-1.0
26.0,2.0,1655.500832,367.49966,25.999936,69.00004,0.812499,-1.0,-1.0,-1.0
26.0,11.0,1903.5001568,466.4998580000001,18.0000064,92.00004399999999,0.819537,-1.0,-1.0,-1.0
26.0,1.0,1065.49952,382.49967200000003,34.0,66.000016,0.870126,-1.0,-1.0,-1.0
26.0,8.0,1516.499168,426.49962800000003,30.000064,85.000024,0.871125,-1.0,-1.0,-1.0
26.0,7.0,1420.500608,739.50026,81.00006400000001,153.00028,0.874197,-1.0,-1.0,-1.0
26.0,9.0,791.499008,799.5002,93.000064,158.99968,0.887422,-1.0,-1.0,-1.0
26.0,4.0,1183.500608,505.499954,39.000063999999995,97.00001200000001,0.891381,-1.0,-1.0,-1.0
26.0,10.0,1124.4996800000001,572.4998599999999,43.0,119.99980000000001,0.904275,-1.0,-1.0,-1.0
26.0,3.0,599.500352,438.500426,40.999936,81.000028,0.905121,-1.0,-1.0,-1.0
26.0,6.0,947.499008,457.500434,45.000064,97.00001200000001,0.909504,-1.0,-1.0,-1.0
26.0,5.0,213.499328,612.49982,51.000064,127.00036,0.909835,-1.0,-1.0,-1.0
27.0,-1.0,725.5003168000001,481.500112,15.0000064,12.000016,0.522177,-1.0,-1.0,-1.0
27.0,2.0,1656.5,367.49971400000004,25.0,70.000012,0.7739,-1.0,-1.0,-1.0
27.0,-1.0,763.4992,343.499548,22.0,58.000023999999996,0.827238,-1.0,-1.0,-1.0
27.0,11.0,1902.50096,467.500046,19.0,93.999988,0.83004,-1.0,-1.0,-1.0
27.0,8.0,1516.500032,426.499574,28.999936,84.000052,0.863545,-1.0,-1.0,-1.0
27.0,7.0,1425.5006720000001,743.4994999999999,82.99993599999999,148.99996,0.865691,-1.0,-1.0,-1.0
27.0,1.0,1061.49968,383.49975200000006,37.0,66.000016,0.872115,-1.0,-1.0,-1.0
27.0,4.0,1183.49984,504.49992799999995,40.0,97.999984,0.883311,-1.0,-1.0,-1.0
27.0,9.0,792.499328,800.50028,93.000064,160.99984,0.900963,-1.0,-1.0,-1.0
27.0,3.0,598.4991679999999,438.50048,42.000064,82.0,0.904478,-1.0,-1.0,-1.0
27.0,10.0,1125.499712,571.49978,40.999936,120.99988,0.909976,-1.0,-1.0,-1.0
27.0,6.0,946.500608,458.500514,45.000064,97.00001200000001,0.914924,-1.0,-1.0,-1.0
27.0,5.0,210.500288,613.4999,51.000064,126.00027999999999,0.915895,-1.0,-1.0,-1.0
28.0,-1.0,739.4990368,481.500112,15.0000064,12.000016,0.328462,-1.0,-1.0,-1.0
28.0,2.0,1656.499232,369.49976599999997,25.999936,66.999988,0.792929,-1.0,-1.0,-1.0
28.0,-1.0,761.5004799999999,343.499656,22.0,59.999968,0.825053,-1.0,-1.0,-1.0
28.0,11.0,1901.4998432000002,469.50009800000004,19.9999936,90.999964,0.83025,-1.0,-1.0,-1.0
28.0,4.0,1182.500672,504.49992799999995,40.999936,97.999984,0.85752,-1.0,-1.0,-1.0
28.0,1.0,1058.4998719999999,385.49985799999996,37.999936000000005,65.000044,0.87333,-1.0,-1.0,-1.0
28.0,8.0,1515.4997119999998,425.499494,28.999936,84.000052,0.87453,-1.0,-1.0,-1.0
28.0,7.0,1438.5008,750.4995200000001,76.0,142.00048,0.876315,-1.0,-1.0,-1.0
28.0,9.0,794.500448,801.50036,90.000064,161.99992,0.896397,-1.0,-1.0,-1.0
28.0,5.0,208.499648,614.4999799999999,51.000064,127.00036,0.901658,-1.0,-1.0,-1.0
28.0,3.0,596.5008320000001,438.50048,43.999936,82.0,0.908638,-1.0,-1.0,-1.0
28.0,6.0,943.5000320000001,458.49954199999996,46.999936,98.999956,0.909365,-1.0,-1.0,-1.0
28.0,10.0,1124.4996800000001,570.4997000000001,43.0,123.00004,0.913826,-1.0,-1.0,-1.0
29.0,-1.0,753.4996768,479.500006,15.0000064,12.999988,0.370949,-1.0,-1.0,-1.0
29.0,-1.0,1660.499968,335.50020399999994,27.000064000000002,62.999992,0.355346,-1.0,-1.0,-1.0
29.0,2.0,1655.499968,370.4999,27.000064000000002,67.99996,0.796187,-1.0,-1.0,-1.0
29.0,-1.0,758.49952,346.4997880000001,22.0,58.000023999999996,0.811154,-1.0,-1.0,-1.0
29.0,11.0,1901.4998432000002,470.500124,19.9999936,89.999992,0.832264,-1.0,-1.0,-1.0
29.0,8.0,1514.50016,426.50043800000003,28.0,78.000004,0.859094,-1.0,-1.0,-1.0
29.0,7.0,1446.50048,751.50014,70.0,144.99964,0.867604,-1.0,-1.0,-1.0
29.0,1.0,1057.5003199999999,387.500018,37.0,63.999964,0.875297,-1.0,-1.0,-1.0
29.0,4.0,1183.49984,505.49984599999993,40.0,93.999988,0.889904,-1.0,-1.0,-1.0
29.0,3.0,594.5004799999999,438.50048,46.0,82.0,0.900951,-1.0,-1.0,-1.0
29.0,5.0,207.49904,615.5000600000001,49.0,128.00044,0.90518,-1.0,-1.0,-1.0
29.0,9.0,800.500352,802.50044,82.99993599999999,164.00008,0.906765,-1.0,-1.0,-1.0
29.0,10.0,1122.50048,570.4997,46.0,120.99988,0.912603,-1.0,-1.0,-1.0
29.0,6.0,942.500768,458.499542,48.000064,100.00003600000001,0.916441,-1.0,-1.0,-1.0
30.0,-1.0,763.3998399999999,478.22512,20.2,11.8,0.25,-1.0,-1.0,-1.0
30.0,2.0,1654.5008,370.4999,28.0,67.99996,0.795263,-1.0,-1.0,-1.0
30.0,-1.0,756.5008,348.499894,22.0,57.000052,0.803508,-1.0,-1.0,-1.0
30.0,7.0,1460.50064,752.50022,61.0,143.99956,0.830575,-1.0,-1.0,-1.0
30.0,11.0,1899.49952,468.500018,22.0,92.00004399999999,0.843878,-1.0,-1.0,-1.0
30.0,8.0,1512.5006720000001,426.500492,28.999936,78.999976,0.861376,-1.0,-1.0,-1.0
30.0,1.0,1056.4997119999998,389.500178,34.999936,65.000044,0.865707,-1.0,-1.0,-1.0
30.0,3.0,591.4995200000001,437.500454,46.0,84.000052,0.866087,-1.0,-1.0,-1.0
30.0,5.0,204.499232,615.50006,49.999936,129.00052,0.890507,-1.0,-1.0,-1.0
30.0,4.0,1185.4993279999999,506.49992599999996,39.000063999999995,93.999988,0.898815,-1.0,-1.0,-1.0
30.0,6.0,944.5008320000001,458.49954199999996,43.999936,98.999956,0.910047,-1.0,-1.0,-1.0
30.0,10.0,1122.50048,571.49978,46.0,116.99956,0.916584,-1.0,-1.0,-1.0
30.0,9.0,808.5005120000001,805.4996000000001,73.999936,161.99992,0.923835,-1.0,-1.0,-1.0
31.0,-1.0,775.8999999999999,476.35024,20.2,11.8,0.25,-1.0,-1.0,-1.0
31.0,2.0,1654.5008,372.499952,28.0,66.000016,0.778845,-1.0,-1.0,-1.0
31.0,-1.0,752.5006720000001,347.499868,22.999935999999998,58.000023999999996,0.800257,-1.0,-1.0,-1.0
31.0,1.0,1052.4992,390.500204,34.0,62.999992,0.810939,-1.0,-1.0,-1.0
31.0,11.0,1898.500352,467.50010000000003,22.999935999999998,94.99996,0.840011,-1.0,-1.0,-1.0
31.0,7.0,1465.5003199999999,747.49982,61.0,150.00004,0.844995,-1.0,-1.0,-1.0
31.0,8.0,1511.5003519999998,427.49949200000003,28.999936,78.999976,0.855078,-1.0,-1.0,-1.0
31.0,3.0,588.499808,436.500482,42.000064,85.999996,0.898958,-1.0,-1.0,-1.0
31.0,5.0,202.49936,615.5000600000001,49.0,128.00044,0.904154,-1.0,-1.0,-1.0
31.0,9.0,815.500352,805.4996,64.999936,166.00024,0.906019,-1.0,-1.0,-1.0
31.0,4.0,1186.4996480000002,508.5000319999999,39.000063999999995,93.000016,0.909341,-1.0,-1.0,-1.0
31.0,6.0,944.500448,457.500542,42.000064,98.999956,0.909666,-1.0,-1.0,-1.0
31.0,10.0,1122.499712,574.49948,46.999936,113.00032,0.915203,-1.0,-1.0,-1.0
32.0,-1.0,788.4001599999998,474.47535999999997,20.2,11.8,0.25,-1.0,-1.0,-1.0
32.0,2.0,1655.4992,373.499978,28.0,65.000044,0.754653,-1.0,-1.0,-1.0
32.0,-1.0,750.499648,347.499976,21.000064,59.999968,0.797998,-1.0,-1.0,-1.0
32.0,9.0,822.5001920000001,807.4997599999999,55.999936,165.00016,0.803166,-1.0,-1.0,-1.0
32.0,1.0,1049.500928,389.500178,33.000064,63.999964,0.842565,-1.0,-1.0,-1.0
32.0,8.0,1509.500768,428.49957199999994,30.000064,78.999976,0.851911,-1.0,-1.0,-1.0
32.0,11.0,1897.499168,465.49994,24.000064000000002,96.00004,0.864774,-1.0,-1.0,-1.0
32.0,7.0,1468.50032,746.49974,67.0,152.0002,0.865137,-1.0,-1.0,-1.0
32.0,3.0,585.499328,434.500376,39.000063999999995,88.000048,0.886879,-1.0,-1.0,-1.0
32.0,4.0,1186.4996480000002,509.50011200000006,39.000063999999995,93.000016,0.901104,-1.0,-1.0,-1.0
32.0,6.0,943.500128,455.500436,42.000064,101.000008,0.902624,-1.0,-1.0,-1.0
32.0,5.0,200.50064,615.50006,49.0,127.00036,0.904032,-1.0,-1.0,-1.0
32.0,10.0,1123.500032,574.4994800000001,46.999936,114.0004,0.906501,-1.0,-1.0,-1.0
33.0,-1.0,803.5003168,472.500472,15.0000064,12.000016,0.392113,-1.0,-1.0,-1.0
33.0,2.0,1655.4992,373.50003200000003,28.0,66.000016,0.737672,-1.0,-1.0,-1.0
33.0,-1.0,746.500672,348.499948,22.999935999999998,58.000023999999996,0.797875,-1.0,-1.0,-1.0
33.0,7.0,1472.500352,742.49996,70.99993599999999,156.99952,0.868133,-1.0,-1.0,-1.0
33.0,1.0,1047.5,389.500178,31.0,63.999964,0.868985,-1.0,-1.0,-1.0
33.0,11.0,1892.499392,465.49994,28.999936,94.99996,0.873409,-1.0,-1.0,-1.0
33.0,8.0,1506.499328,428.499626,33.000064,79.99994799999999,0.876889,-1.0,-1.0,-1.0
33.0,6.0,941.499488,455.50049,42.000064,101.99998000000001,0.88822,-1.0,-1.0,-1.0
33.0,9.0,835.50032,807.4997599999999,49.0,167.00032000000002,0.889013,-1.0,-1.0,-1.0
33.0,3.0,579.499328,434.500376,39.000063999999995,88.000048,0.890615,-1.0,-1.0,-1.0
33.0,4.0,1186.5008,509.50022000000007,40.0,94.99996,0.899273,-1.0,-1.0,-1.0
33.0,5.0,196.50051200000001,616.50014,49.999936,125.0002,0.903457,-1.0,-1.0,-1.0
33.0,10.0,1123.5008,575.49956,46.0,114.0004,0.904685,-1.0,-1.0,-1.0
34.0,-1.0,816.5006368,471.500446,15.0000064,12.999988,0.461788,-1.0,-1.0,-1.0
34.0,2.0,1659.499328,370.499954,27.000064000000002,70.000012,0.771378,-1.0,-1.0,-1.0
34.0,1.0,1044.500672,386.500046,28.999936,66.999988,0.803429,-1.0,-1.0,-1.0
34.0,-1.0,743.499712,349.500082,22.999935999999998,58.999996,0.807516,-1.0,-1.0,-1.0
34.0,7.0,1473.500288,741.4993400000001,81.00006400000001,155.00044,0.861729,-1.0,-1.0,-1.0
34.0,11.0,1889.4998719999999,466.4998580000001,31.999935999999998,92.00004399999999,0.86447,-1.0,-1.0,-1.0
34.0,6.0,939.500768,455.50049,42.000064,101.99998000000001,0.872816,-1.0,-1.0,-1.0
34.0,9.0,836.49968,810.5,55.0,167.00032000000002,0.880502,-1.0,-1.0,-1.0
34.0,8.0,1505.5009280000002,427.49954599999995,33.000064,81.000028,0.88613,-1.0,-1.0,-1.0
34.0,5.0,194.50064,616.5001400000001,49.0,126.00027999999999,0.888044,-1.0,-1.0,-1.0
34.0,3.0,576.499232,434.500376,37.999936000000005,86.999968,0.893347,-1.0,-1.0,-1.0
34.0,4.0,1186.5008,507.50016800000003,40.0,97.999984,0.898722,-1.0,-1.0,-1.0
34.0,10.0,1124.4992,573.49994,46.0,116.99956,0.902388,-1.0,-1.0,-1.0
35.0,-1.0,828.5006367999999,472.500472,15.0000064,12.000016,0.359584,-1.0,-1.0,-1.0
35.0,2.0,1661.5004480000002,369.499928,24.000064000000002,70.99998400000001,0.791159,-1.0,-1.0,-1.0
35.0,-1.0,741.4998400000001,350.500162,22.0,58.999996,0.799153,-1.0,-1.0,-1.0
35.0,1.0,1041.4993279999999,387.50012599999997,27.000064000000002,66.999988,0.802628,-1.0,-1.0,-1.0
35.0,7.0,1477.499168,742.49942,84.00006400000001,151.00012,0.860835,-1.0,-1.0,-1.0
35.0,11.0,1882.499648,467.499992,39.000063999999995,93.000016,0.875561,-1.0,-1.0,-1.0
35.0,3.0,571.499552,435.500402,37.999936000000005,85.999996,0.884355,-1.0,-1.0,-1.0
35.0,5.0,192.499232,617.50022,49.999936,128.00044,0.895615,-1.0,-1.0,-1.0
35.0,6.0,936.500192,456.49949,43.999936,101.99998000000001,0.895964,-1.0,-1.0,-1.0
35.0,4.0,1186.5008,506.50014200000004,40.0,98.999956,0.903059,-1.0,-1.0,-1.0
35.0,8.0,1503.5002880000002,426.49952,33.000064,82.0,0.90616,-1.0,-1.0,-1.0
35.0,10.0,1124.4992,571.49978,46.0,119.99980000000001,0.908643,-1.0,-1.0,-1.0
35.0,9.0,833.499008,812.5001599999999,69.00006400000001,167.00032000000002,0.917737,-1.0,-1.0,-1.0
36.0,-1.0,839.5003168,469.50023200000004,15.0000064,12.000016,0.366956,-1.0,-1.0,-1.0
36.0,2.0,1661.5004480000002,368.499902,24.000064000000002,73.000036,0.781509,-1.0,-1.0,-1.0
36.0,-1.0,737.499328,351.50024199999996,21.000064,58.999996,0.788872,-1.0,-1.0,-1.0
36.0,1.0,1038.5002880000002,388.500206,27.000064000000002,66.999988,0.845805,-1.0,-1.0,-1.0
36.0,7.0,1484.499968,747.49982,81.00006400000001,147.99988000000002,0.862278,-1.0,-1.0,-1.0
36.0,3.0,567.5009600000001,437.50050799999997,37.0,85.000024,0.872517,-1.0,-1.0,-1.0
36.0,11.0,1878.49904,469.50009800000004,43.0,92.00004399999999,0.873097,-1.0,-1.0,-1.0
36.0,8.0,1500.499328,425.499548,33.000064,85.000024,0.882706,-1.0,-1.0,-1.0
36.0,5.0,188.49900799999998,617.50076,51.000064,129.99952,0.883945,-1.0,-1.0,-1.0
36.0,4.0,1187.4992,505.50011600000005,40.0,101.000008,0.896125,-1.0,-1.0,-1.0
36.0,10.0,1125.5002880000002,569.4996199999999,45.000064,121.99996,0.910733,-1.0,-1.0,-1.0
36.0,6.0,935.50064,457.49957,43.0,101.99998000000001,0.911058,-1.0,-1.0,-1.0
36.0,9.0,831.499808,815.5003999999999,84.00006400000001,166.00024,0.921381,-1.0,-1.0,-1.0
37.0,-1.0,849.4996767999999,466.5001,15.0000064,13.999960000000002,0.549521,-1.0,-1.0,-1.0
37.0,2.0,1660.5001280000001,369.499982,24.000064000000002,71.999956,0.798495,-1.0,-1.0,-1.0
37.0,-1.0,732.50032,352.50032200000004,25.0,58.999996,0.803469,-1.0,-1.0,-1.0
37.0,1.0,1034.50016,387.50018,28.0,67.99996,0.829781,-1.0,-1.0,-1.0
37.0,11.0,1876.500608,469.50015200000007,45.000064,93.000016,0.845573,-1.0,-1.0,-1.0
37.0,7.0,1493.4994880000002,750.50006,78.000064,145.99972,0.872002,-1.0,-1.0,-1.0
37.0,9.0,828.5001920000001,817.49948,91.999936,166.00024,0.873258,-1.0,-1.0,-1.0
37.0,8.0,1498.500608,424.50044,33.000064,82.0,0.87447,-1.0,-1.0,-1.0
37.0,5.0,186.500672,618.4997599999999,52.999936000000005,129.99952,0.879473,-1.0,-1.0,-1.0
37.0,3.0,564.500768,439.499588,36.000064,85.000024,0.897067,-1.0,-1.0,-1.0
37.0,4.0,1187.4992,504.499982,40.0,98.999956,0.902619,-1.0,-1.0,-1.0
37.0,6.0,932.4992,459.499676,46.0,101.000008,0.903542,-1.0,-1.0,-1.0
37.0,10.0,1126.500608,567.4994600000001,45.000064,124.00012000000001,0.905345,-1.0,-1.0,-1.0
38.0,-1.0,860.4993568,465.499966,15.0000064,12.999988,0.434536,-1.0,-1.0,-1.0
38.0,1.0,1031.4992,387.50018,28.0,69.00004,0.745651,-1.0,-1.0,-1.0
38.0,-1.0,729.500992,354.500374,22.999935999999998,57.000052,0.786009,-1.0,-1.0,-1.0
38.0,2.0,1663.500032,368.499902,22.999935999999998,73.000036,0.815399,-1.0,-1.0,-1.0
38.0,3.0,558.500768,440.499614,36.000064,84.000052,0.81995,-1.0,-1.0,-1.0
38.0,7.0,1506.500672,751.5001399999999,76.999936,146.9998,0.859971,-1.0,-1.0,-1.0
38.0,9.0,828.499328,820.4997199999999,93.000064,164.00008,0.868059,-1.0,-1.0,-1.0
38.0,8.0,1496.499968,424.50022399999995,33.000064,77.000032,0.878568,-1.0,-1.0,-1.0
38.0,11.0,1874.500352,468.500018,46.999936,92.00004399999999,0.87986,-1.0,-1.0,-1.0
38.0,5.0,183.499232,619.49984,55.999936,130.99960000000002,0.885202,-1.0,-1.0,-1.0
38.0,10.0,1126.49984,568.49954,46.0,124.00012000000001,0.897465,-1.0,-1.0,-1.0
38.0,4.0,1188.5002880000002,505.49989999999997,39.000063999999995,94.99996,0.898449,-1.0,-1.0,-1.0
38.0,6.0,930.5007679999999,462.499862,48.000064,98.999956,0.898477,-1.0,-1.0,-1.0
39.0,-1.0,868.9,464.84986,20.2,11.8,0.25,-1.0,-1.0,-1.0
39.0,-1.0,726.4991679999999,354.50042799999994,24.000064000000002,58.000023999999996,0.839121,-1.0,-1.0,-1.0
39.0,2.0,1663.5003199999999,370.500008,25.0,70.99998400000001,0.840898,-1.0,-1.0,-1.0
39.0,1.0,1026.50096,388.50026,31.0,67.99996,0.847774,-1.0,-1.0,-1.0
39.0,7.0,1516.499168,748.4999,78.000064,152.0002,0.865385,-1.0,-1.0,-1.0
39.0,8.0,1496.500832,425.500358,31.999935999999998,78.000004,0.875212,-1.0,-1.0,-1.0
39.0,11.0,1872.5,467.499992,49.0,93.000016,0.875488,-1.0,-1.0,-1.0
39.0,4.0,1190.4998719999999,506.49992599999996,37.999936000000005,93.999988,0.891999,-1.0,-1.0,-1.0
39.0,5.0,180.500768,621.5,60.000064,129.99952,0.894666,-1.0,-1.0,-1.0
39.0,9.0,826.49936,821.4998,97.0,168.00039999999998,0.895806,-1.0,-1.0,-1.0
39.0,3.0,555.500672,439.499588,34.999936,85.000024,0.896272,-1.0,-1.0,-1.0
39.0,10.0,1127.4998719999999,568.49954,43.999936,120.99988,0.904188,-1.0,-1.0,-1.0
39.0,6.0,928.499648,464.49996799999997,51.000064,97.999984,0.911606,-1.0,-1.0,-1.0
40.0,-1.0,882.5006367999999,463.499752,15.0000064,12.000016,0.425294,-1.0,-1.0,-1.0
40.0,-1.0,722.4998079999999,354.50042799999994,24.000064000000002,58.000023999999996,0.78694,-1.0,-1.0,-1.0
40.0,2.0,1662.5006720000001,371.50008799999995,28.999936,70.99998400000001,0.833968,-1.0,-1.0,-1.0
40.0,1.0,1024.499168,389.50034,30.000064,67.99996,0.861349,-1.0,-1.0,-1.0
40.0,7.0,1531.4996480000002,745.49966,69.00006400000001,155.00044,0.870114,-1.0,-1.0,-1.0
40.0,9.0,827.500448,822.4998800000001,96.00006400000001,168.00039999999998,0.876673,-1.0,-1.0,-1.0
40.0,11.0,1870.4996480000002,466.499966,51.000064,93.999988,0.882864,-1.0,-1.0,-1.0
40.0,8.0,1494.5001919999997,426.50043800000003,31.999935999999998,78.000004,0.883419,-1.0,-1.0,-1.0
40.0,3.0,551.500448,437.499536,36.000064,88.000048,0.886893,-1.0,-1.0,-1.0
40.0,5.0,177.49980799999997,622.5000799999999,60.000064,129.99952,0.893208,-1.0,-1.0,-1.0
40.0,4.0,1190.50064,508.500086,37.0,93.999988,0.896894,-1.0,-1.0,-1.0
40.0,10.0,1125.4995199999998,569.5006999999999,46.0,117.99964,0.909121,-1.0,-1.0,-1.0
40.0,6.0,927.499328,465.500048,51.000064,97.999984,0.9185,-1.0,-1.0,-1.0
41.0,-1.0,893.5003168,463.499752,15.0000064,12.000016,0.341898,-1.0,-1.0,-1.0
41.0,-1.0,719.500768,353.500456,24.000064000000002,59.999968,0.742423,-1.0,-1.0,-1.0
41.0,2.0,1662.50096,372.500222,31.0,71.999956,0.834577,-1.0,-1.0,-1.0
41.0,3.0,545.500832,435.50051,37.999936000000005,89.00001999999999,0.836024,-1.0,-1.0,-1.0
41.0,1.0,1021.4990720000002,390.50041999999996,28.999936,67.99996,0.857384,-1.0,-1.0,-1.0
41.0,8.0,1493.4998719999999,426.500492,31.999935999999998,78.999976,0.882887,-1.0,-1.0,-1.0
41.0,7.0,1534.499648,743.5000399999999,75.000064,157.9996,0.883715,-1.0,-1.0,-1.0
41.0,11.0,1866.49904,465.49994,55.0,94.99996,0.887917,-1.0,-1.0,-1.0
41.0,9.0,833.4992000000001,822.4998800000001,88.0,169.00048,0.889898,-1.0,-1.0,-1.0
41.0,10.0,1124.499968,572.49986,45.000064,115.99948,0.902691,-1.0,-1.0,-1.0
41.0,4.0,1191.499808,508.50014000000004,36.000064,94.99996,0.903278,-1.0,-1.0,-1.0
41.0,5.0,172.499072,623.5001599999999,58.999936,129.99952,0.904385,-1.0,-1.0,-1.0
41.0,6.0,926.50064,465.500048,49.0,97.999984,0.920427,-1.0,-1.0,-1.0
42.0,-1.0,900.1499200000001,461.8496200000001,20.2,11.8,0.25,-1.0,-1.0,-1.0
42.0,-1.0,715.4992000000001,355.499482,22.0,58.999996,0.800154,-1.0,-1.0,-1.0
42.0,1.0,1016.5008320000001,392.50047200000006,31.999935999999998,66.000016,0.840684,-1.0,-1.0,-1.0
42.0,2.0,1662.500192,376.500326,31.999935999999998,66.999988,0.857828,-1.0,-1.0,-1.0
42.0,3.0,540.499232,435.50051,37.999936000000005,89.00001999999999,0.891994,-1.0,-1.0,-1.0
42.0,8.0,1492.499168,427.500518,30.000064,78.000004,0.893611,-1.0,-1.0,-1.0
42.0,7.0,1541.4996800000001,742.4999600000001,73.0,158.99968,0.898201,-1.0,-1.0,-1.0
42.0,10.0,1123.5005119999998,572.49986,43.999936,116.99956,0.898846,-1.0,-1.0,-1.0
42.0,4.0,1192.4990719999998,508.50014000000004,34.999936,96.00004,0.901729,-1.0,-1.0,-1.0
42.0,5.0,169.500032,624.5002399999998,58.999936,130.99960000000002,0.905477,-1.0,-1.0,-1.0
42.0,11.0,1865.4998719999999,466.4998580000001,55.999936,92.00004399999999,0.907194,-1.0,-1.0,-1.0
42.0,6.0,926.50064,464.500022,49.0,100.00003600000001,0.910131,-1.0,-1.0,-1.0
42.0,9.0,841.500128,824.5000399999999,78.000064,167.00032000000002,0.914631,-1.0,-1.0,-1.0
43.0,-1.0,912.4995232,459.499486,13.9999936,12.999988,0.578584,-1.0,-1.0,-1.0
43.0,-1.0,712.5009279999999,355.499536,21.000064,59.999968,0.770728,-1.0,-1.0,-1.0
43.0,1.0,1013.499872,393.499472,31.999935999999998,66.000016,0.844264,-1.0,-1.0,-1.0
43.0,2.0,1662.500192,376.50038,31.999935999999998,67.99996,0.863652,-1.0,-1.0,-1.0
43.0,3.0,535.500608,435.500456,39.000063999999995,88.000048,0.867971,-1.0,-1.0,-1.0
43.0,8.0,1491.500768,426.500492,30.000064,78.999976,0.88333,-1.0,-1.0,-1.0
43.0,10.0,1124.4996800000001,572.49986,43.0,118.99972,0.889048,-1.0,-1.0,-1.0
43.0,4.0,1191.499808,506.500088,36.000064,97.999984,0.892503,-1.0,-1.0,-1.0
43.0,7.0,1545.4997119999998,741.4993400000001,76.999936,155.00044,0.894009,-1.0,-1.0,-1.0
43.0,6.0,927.49952,464.50007600000004,46.0,101.000008,0.897077,-1.0,-1.0,-1.0
43.0,5.0,166.49984,624.5002399999998,58.0,130.99960000000002,0.901098,-1.0,-1.0,-1.0
43.0,9.0,849.5002880000001,824.50004,69.00006400000001,169.00048,0.90166,-1.0,-1.0,-1.0
43.0,11.0,1864.500608,467.499938,57.000064,90.999964,0.916209,-1.0,-1.0,-1.0
44.0,-1.0,922.5004768,458.50039960000004,12.000006399999998,11.0000008,0.259072,-1.0,-1.0,-1.0
44.0,-1.0,707.499712,355.499536,22.999935999999998,59.999968,0.785852,-1.0,-1.0,-1.0
44.0,1.0,1010.5008320000001,395.49957800000004,31.999935999999998,63.999964,0.84601,-1.0,-1.0,-1.0
44.0,9.0,860.4996799999999,824.5005800000001,55.0,170.99956,0.860207,-1.0,-1.0,-1.0
44.0,2.0,1662.500192,377.500406,31.999935999999998,66.999988,0.868476,-1.0,-1.0,-1.0
44.0,8.0,1491.4993279999999,423.50041400000003,27.000064000000002,82.999972,0.870987,-1.0,-1.0,-1.0
44.0,5.0,162.500096,625.50032,58.999936,129.99952,0.87614,-1.0,-1.0,-1.0
44.0,3.0,530.4998720000001,436.500536,37.999936000000005,86.999968,0.880911,-1.0,-1.0,-1.0
44.0,7.0,1549.49936,743.4994999999999,79.0,148.99996,0.887453,-1.0,-1.0,-1.0
44.0,4.0,1191.499808,504.5000359999999,36.000064,101.000008,0.891678,-1.0,-1.0,-1.0
44.0,6.0,929.500352,462.499916,40.999936,101.000008,0.899302,-1.0,-1.0,-1.0
44.0,10.0,1124.500448,570.4997,42.000064,120.99988,0.900999,-1.0,-1.0,-1.0
44.0,11.0,1864.500608,468.500018,57.000064,90.999964,0.91807,-1.0,-1.0,-1.0
45.0,6.0,927.65056,457.47535,20.2,11.8,0.25,-1.0,-1.0,-1.0
45.0,-1.0,704.49952,357.499588,22.0,58.000023999999996,0.811307,-1.0,-1.0,-1.0
45.0,8.0,1488.49952,422.50022599999994,28.0,81.000028,0.849743,-1.0,-1.0,-1.0
45.0,1.0,1008.4993279999998,395.499632,33.000064,66.000016,0.857023,-1.0,-1.0,-1.0
45.0,2.0,1662.500192,376.50038,31.999935999999998,67.99996,0.858206,-1.0,-1.0,-1.0
45.0,9.0,872.500352,825.4995799999999,46.999936,172.99972000000002,0.8704,-1.0,-1.0,-1.0
45.0,7.0,1558.4996480000002,744.4995800000002,75.000064,150.00004,0.876602,-1.0,-1.0,-1.0
45.0,4.0,1190.499008,503.5000639999999,39.000063999999995,102.999952,0.878598,-1.0,-1.0,-1.0
45.0,-1.0,931.50032,460.49986400000006,37.0,104.00003199999999,0.882325,-1.0,-1.0,-1.0
45.0,3.0,524.5009279999999,438.49956199999997,39.000063999999995,85.999996,0.882657,-1.0,-1.0,-1.0
45.0,5.0,163.499936,625.49978,55.0,128.00044,0.886725,-1.0,-1.0,-1.0
45.0,10.0,1124.500448,568.49954,42.000064,123.00004,0.899006,-1.0,-1.0,-1.0
45.0,11.0,1862.4992,468.500018,58.0,92.00004399999999,0.921203,-1.0,-1.0,-1.0
46.0,-1.0,936.9006400000001,456.8503,20.2,11.8,0.25,-1.0,-1.0,-1.0
46.0,-1.0,700.5001599999999,358.499614,22.0,57.000052,0.792775,-1.0,-1.0,-1.0
46.0,4.0,1190.500448,503.49990199999996,42.000064,98.999956,0.821079,-1.0,-1.0,-1.0
46.0,2.0,1662.500192,376.50038,31.999935999999998,69.00004,0.835765,-1.0,-1.0,-1.0
46.0,3.0,519.500192,439.49969600000003,37.999936000000005,86.999968,0.852903,-1.0,-1.0,-1.0
46.0,1.0,1005.4992320000001,397.49968399999995,31.999935999999998,62.999992,0.85547,-1.0,-1.0,-1.0
46.0,6.0,932.4992,460.49986400000006,34.0,104.00003199999999,0.858463,-1.0,-1.0,-1.0
46.0,8.0,1486.5008,421.50003799999996,28.0,78.000004,0.861604,-1.0,-1.0,-1.0
46.0,7.0,1568.4994880000002,746.49974,72.000064,150.00004,0.876023,-1.0,-1.0,-1.0
46.0,10.0,1123.5005119999998,566.4993800000001,43.999936,125.0002,0.881009,-1.0,-1.0,-1.0
46.0,9.0,871.4990720000001,829.4999,52.999936000000005,170.99956,0.881366,-1.0,-1.0,-1.0
46.0,5.0,163.50003199999998,625.49978,51.000064,128.00044,0.885041,-1.0,-1.0,-1.0
46.0,11.0,1862.4992,467.499938,58.0,92.00004399999999,0.919489,-1.0,-1.0,-1.0
47.0,-1.0,946.1507200000001,456.22524999999996,20.2,11.8,0.25,-1.0,-1.0,-1.0
47.0,-1.0,696.500032,357.49969600000003,22.999935999999998,59.999968,0.80347,-1.0,-1.0,-1.0
47.0,2.0,1662.500192,375.500354,31.999935999999998,70.000012,0.83312,-1.0,-1.0,-1.0
47.0,4.0,1190.500448,504.49981999999994,42.000064,96.00004,0.842555,-1.0,-1.0,-1.0
47.0,1.0,1002.499328,397.49963,33.000064,62.00002,0.853421,-1.0,-1.0,-1.0
47.0,7.0,1579.500992,747.49982,64.999936,151.00012,0.856907,-1.0,-1.0,-1.0
47.0,6.0,931.5008,459.499838,34.0,105.000004,0.8666,-1.0,-1.0,-1.0
47.0,8.0,1483.49936,421.499984,31.0,77.000032,0.872634,-1.0,-1.0,-1.0
47.0,3.0,513.500192,439.49969600000003,37.999936000000005,86.999968,0.873584,-1.0,-1.0,-1.0
47.0,10.0,1122.500192,565.50038,43.999936,125.0002,0.89411,-1.0,-1.0,-1.0
47.0,5.0,161.50006399999998,625.4997799999999,49.999936,129.00052,0.894808,-1.0,-1.0,-1.0
47.0,11.0,1863.499232,466.499912,55.999936,93.000016,0.912465,-1.0,-1.0,-1.0
47.0,9.0,869.5009279999999,831.4995200000001,69.00006400000001,169.00048,0.915063,-1.0,-1.0,-1.0
48.0,-1.0,959.5007968,456.5002018,12.000006399999998,9.9999964,0.286879,-1.0,-1.0,-1.0
48.0,-1.0,691.4992,357.49969600000003,22.0,59.999968,0.778064,-1.0,-1.0,-1.0
48.0,2.0,1662.500192,372.500222,31.999935999999998,73.000036,0.779206,-1.0,-1.0,-1.0
48.0,4.0,1191.50048,505.49989999999997,40.0,94.99996,0.789999,-1.0,-1.0,-1.0
48.0,7.0,1587.50096,746.49974,61.0,152.0002,0.823094,-1.0,-1.0,-1.0
48.0,3.0,507.5009600000001,438.499616,37.0,88.000048,0.841034,-1.0,-1.0,-1.0
48.0,6.0,927.49952,460.499918,46.0,105.000004,0.841705,-1.0,-1.0,-1.0
48.0,1.0,1000.499552,395.499578,31.999935999999998,65.000044,0.852933,-1.0,-1.0,-1.0
48.0,10.0,1119.49904,566.50046,49.0,120.99988,0.864651,-1.0,-1.0,-1.0
48.0,8.0,1481.5006400000002,421.500092,31.0,78.999976,0.870041,-1.0,-1.0,-1.0
48.0,5.0,156.50009599999998,625.50032,52.0,129.99952,0.886958,-1.0,-1.0,-1.0
48.0,11.0,1864.500032,463.49978000000004,52.999936000000005,96.00004,0.897845,-1.0,-1.0,-1.0
48.0,9.0,868.4990720000001,833.49968,82.99993599999999,168.00039999999998,0.924166,-1.0,-1.0,-1.0
49.0,-1.0,965.5,454.50011200000006,13.0,12.000016,0.297838,-1.0,-1.0,-1.0
49.0,-1.0,687.4998400000001,357.499696,22.0,61.000048,0.767237,-1.0,-1.0,-1.0
49.0,2.0,1661.50016,373.500248,34.0,70.99998400000001,0.797107,-1.0,-1.0,-1.0
49.0,4.0,1192.499648,506.49998,39.000063999999995,94.99996,0.818802,-1.0,-1.0,-1.0
49.0,6.0,926.500928,463.50005,39.000063999999995,101.99998000000001,0.826961,-1.0,-1.0,-1.0
49.0,7.0,1591.49984,743.4995,64.0,156.00052,0.847225,-1.0,-1.0,-1.0
49.0,1.0,998.4999679999999,393.499526,33.000064,66.999988,0.854284,-1.0,-1.0,-1.0
49.0,3.0,502.499072,437.499644,34.999936,89.999992,0.857872,-1.0,-1.0,-1.0
49.0,8.0,1479.499232,422.500172,31.999935999999998,78.999976,0.876916,-1.0,-1.0,-1.0
49.0,10.0,1118.50064,568.50062,49.0,116.99956,0.879568,-1.0,-1.0,-1.0
49.0,11.0,1865.500832,463.49978,49.999936,94.99996,0.884929,-1.0,-1.0,-1.0
49.0,5.0,150.5,625.50032,55.999936,130.99960000000002,0.887578,-1.0,-1.0,-1.0
49.0,9.0,864.50048,835.49984,94.0,169.00048,0.919546,-1.0,-1.0,-1.0
50.0,-1.0,969.40048,452.59996,20.2,11.8,0.25,-1.0,-1.0,-1.0
50.0,-1.0,683.50048,357.499696,22.0,61.000048,0.782728,-1.0,-1.0,-1.0
50.0,2.0,1660.500992,373.500248,34.999936,70.99998400000001,0.838186,-1.0,-1.0,-1.0
50.0,4.0,1191.50048,506.49998,40.0,94.99996,0.857639,-1.0,-1.0,-1.0
50.0,3.0,496.49984000000006,435.499538,34.0,92.00004399999999,0.858597,-1.0,-1.0,-1.0
50.0,1.0,996.5001920000001,392.500526,31.999935999999998,66.999988,0.865967,-1.0,-1.0,-1.0
50.0,8.0,1478.499392,421.500092,28.999936,78.999976,0.869731,-1.0,-1.0,-1.0
50.0,7.0,1594.499168,741.49988,66.00006400000001,156.99952,0.871762,-1.0,-1.0,-1.0
50.0,11.0,1867.5008,463.49967200000003,46.0,93.000016,0.876714,-1.0,-1.0,-1.0
50.0,5.0,144.50009599999998,627.5004799999999,58.999936,129.99952,0.891747,-1.0,-1.0,-1.0
50.0,6.0,923.5008320000001,465.500102,37.999936000000005,100.00003600000001,0.89392,-1.0,-1.0,-1.0
50.0,10.0,1119.499808,569.50016,48.000064,115.00048,0.895472,-1.0,-1.0,-1.0
50.0,9.0,861.5001920000001,838.50008,97.99993599999999,168.00039999999998,0.914282,-1.0,-1.0,-1.0
51.0,-1.0,980.5009600000001,450.499792,13.0,12.000016,0.548204,-1.0,-1.0,-1.0
51.0,-1.0,677.499712,359.499856,22.999935999999998,59.999968,0.765116,-1.0,-1.0,-1.0
51.0,1.0,992.4991999999999,392.50047200000006,34.0,66.000016,0.834895,-1.0,-1.0,-1.0
51.0,8.0,1474.500608,419.499986,33.000064,79.99994799999999,0.836341,-1.0,-1.0,-1.0
51.0,3.0,490.49983999999995,435.49953800000003,34.0,90.999964,0.848509,-1.0,-1.0,-1.0
51.0,4.0,1189.500128,504.49992799999995,42.000064,97.999984,0.854318,-1.0,-1.0,-1.0
51.0,2.0,1657.499552,372.500222,37.999936000000005,73.000036,0.856705,-1.0,-1.0,-1.0
51.0,6.0,919.500128,466.50018199999994,42.000064,100.00003600000001,0.870085,-1.0,-1.0,-1.0
51.0,7.0,1597.5003199999999,739.4997199999999,73.0,156.99952,0.877802,-1.0,-1.0,-1.0
51.0,11.0,1865.499392,465.499778,46.999936,90.999964,0.883257,-1.0,-1.0,-1.0
51.0,10.0,1118.4998719999999,569.5006999999999,49.999936,115.99948,0.884332,-1.0,-1.0,-1.0
51.0,5.0,139.500128,627.50048,61.999936000000005,132.99976,0.885494,-1.0,-1.0,-1.0
51.0,9.0,859.5006079999999,839.50016,99.00006400000001,169.00048,0.8981,-1.0,-1.0,-1.0
52.0,-1.0,988.4996800000001,450.4997596,13.0,11.0000008,0.269925,-1.0,-1.0,-1.0
52.0,-1.0,673.500352,360.499828,22.999935999999998,58.000023999999996,0.778403,-1.0,-1.0,-1.0
52.0,6.0,916.4995520000001,467.50026199999996,43.999936,98.999956,0.817518,-1.0,-1.0,-1.0
52.0,8.0,1471.4996480000002,416.499854,33.000064,84.000052,0.82797,-1.0,-1.0,-1.0
52.0,1.0,989.4993920000001,393.499526,34.999936,66.999988,0.833577,-1.0,-1.0,-1.0
52.0,2.0,1656.500288,373.500248,39.000063999999995,70.99998400000001,0.848437,-1.0,-1.0,-1.0
52.0,3.0,483.500672,435.49953800000003,34.999936,90.999964,0.857668,-1.0,-1.0,-1.0
52.0,4.0,1189.4990719999998,503.49990199999996,40.999936,98.999956,0.868928,-1.0,-1.0,-1.0
52.0,7.0,1599.499232,739.50026,79.999936,153.00028,0.873437,-1.0,-1.0,-1.0
52.0,10.0,1119.499808,567.50054,48.000064,117.99964,0.879265,-1.0,-1.0,-1.0
52.0,11.0,1864.500992,466.499858,46.999936,90.999964,0.881798,-1.0,-1.0,-1.0
52.0,9.0,859.5006079999999,840.50078,99.00006400000001,169.99948,0.887981,-1.0,-1.0,-1.0
52.0,5.0,134.499968,627.50048,63.000064,132.99976,0.897422,-1.0,-1.0,-1.0
53.0,-1.0,991.4990368,450.4997596,15.0000064,11.0000008,0.429047,-1.0,-1.0,-1.0
53.0,-1.0,669.500992,359.499856,22.999935999999998,59.999968,0.786214,-1.0,-1.0,-1.0
53.0,6.0,913.499648,468.500342,45.000064,98.999956,0.817136,-1.0,-1.0,-1.0
53.0,3.0,477.500672,435.50051,34.999936,89.00001999999999,0.834962,-1.0,-1.0,-1.0
53.0,1.0,988.5006079999999,394.49960599999997,33.000064,66.999988,0.837052,-1.0,-1.0,-1.0
53.0,2.0,1652.49968,374.500274,43.0,70.000012,0.841538,-1.0,-1.0,-1.0
53.0,7.0,1604.500832,741.50042,79.999936,147.99988000000002,0.853437,-1.0,-1.0,-1.0
53.0,11.0,1862.499968,467.499938,45.000064,90.999964,0.854494,-1.0,-1.0,-1.0
53.0,8.0,1469.4998719999999,415.499774,31.999935999999998,84.000052,0.866805,-1.0,-1.0,-1.0
53.0,10.0,1118.4994880000002,566.50046,48.000064,120.99988,0.87483,-1.0,-1.0,-1.0
53.0,4.0,1189.49984,501.4998499999999,40.0,101.99998000000001,0.881481,-1.0,-1.0,-1.0
53.0,9.0,863.499008,842.49986,93.000064,169.99948,0.887971,-1.0,-1.0,-1.0
53.0,5.0,130.500032,629.50064,64.999936,132.99976,0.903227,-1.0,-1.0,-1.0
54.0,-1.0,1001.4992031999999,449.499712,13.9999936,12.000016,0.258805,-1.0,-1.0,-1.0
54.0,-1.0,663.499072,359.499856,22.999935999999998,61.000048,0.759014,-1.0,-1.0,-1.0
54.0,10.0,1118.500352,564.5002999999999,46.999936,121.99996,0.785558,-1.0,-1.0,-1.0
54.0,1.0,984.5007680000001,395.49968599999994,36.000064,66.999988,0.830488,-1.0,-1.0,-1.0
54.0,6.0,911.50016,469.500368,46.0,97.999984,0.837889,-1.0,-1.0,-1.0
54.0,3.0,470.50064,436.49951000000004,37.0,89.00001999999999,0.849149,-1.0,-1.0,-1.0
54.0,8.0,1465.5008,415.499666,34.0,79.99994799999999,0.851913,-1.0,-1.0,-1.0
54.0,2.0,1651.500512,374.50032799999997,43.999936,70.99998400000001,0.852044,-1.0,-1.0,-1.0
54.0,11.0,1861.49936,466.4998580000001,43.0,92.00004399999999,0.859223,-1.0,-1.0,-1.0
54.0,7.0,1611.4997119999998,740.50034,76.999936,152.0002,0.861703,-1.0,-1.0,-1.0
54.0,5.0,125.49987199999998,629.4995600000001,66.00006400000001,133.99984,0.868122,-1.0,-1.0,-1.0
54.0,9.0,871.5003200000001,842.49986,85.0,170.99956,0.868935,-1.0,-1.0,-1.0
54.0,4.0,1188.500672,500.49971600000003,40.999936,101.000008,0.878369,-1.0,-1.0,-1.0
55.0,-1.0,995.8158399999999,450.5998,20.2,11.8,0.25,-1.0,-1.0,-1.0
55.0,10.0,1118.4992,562.5001400000001,46.0,124.00012000000001,0.731598,-1.0,-1.0,-1.0
55.0,-1.0,658.49968,361.499962,25.0,58.999996,0.793357,-1.0,-1.0,-1.0
55.0,8.0,1463.499008,415.49950399999994,33.000064,77.000032,0.830371,-1.0,-1.0,-1.0
55.0,1.0,981.4998079999999,396.499766,36.000064,66.999988,0.835666,-1.0,-1.0,-1.0
55.0,3.0,464.49987200000004,438.499616,37.999936000000005,88.000048,0.845992,-1.0,-1.0,-1.0
55.0,2.0,1650.499328,375.500354,45.000064,70.000012,0.84879,-1.0,-1.0,-1.0
55.0,6.0,909.50096,470.50034,49.0,96.00004,0.854045,-1.0,-1.0,-1.0
55.0,5.0,122.50006399999998,629.4995600000001,66.00006400000001,134.99992,0.862393,-1.0,-1.0,-1.0
55.0,7.0,1620.5002880000002,743.4994999999999,75.000064,150.00004,0.874696,-1.0,-1.0,-1.0
55.0,11.0,1859.50064,465.499778,43.0,90.999964,0.879219,-1.0,-1.0,-1.0
55.0,4.0,1188.5002880000002,500.4996080000001,39.000063999999995,97.999984,0.888027,-1.0,-1.0,-1.0
55.0,9.0,878.50016,843.49994,76.0,169.99948,0.918703,-1.0,-1.0,-1.0
56.0,-1.0,993.2324799999999,451.59988,20.2,11.8,0.25,-1.0,-1.0,-1.0
56.0,10.0,1117.5008,562.50014,46.0,126.00027999999999,0.747124,-1.0,-1.0,-1.0
56.0,-1.0,653.5,362.49998800000003,25.0,58.000023999999996,0.784137,-1.0,-1.0,-1.0
56.0,1.0,977.4992,396.499766,40.0,66.999988,0.810327,-1.0,-1.0,-1.0
56.0,8.0,1459.5008,416.499638,34.0,78.000004,0.815118,-1.0,-1.0,-1.0
56.0,2.0,1650.500672,376.50043400000004,40.999936,70.000012,0.835123,-1.0,-1.0,-1.0
56.0,6.0,909.50096,470.50034,49.0,94.99996,0.84889,-1.0,-1.0,-1.0
56.0,3.0,458.499872,438.49967000000004,37.999936000000005,89.00001999999999,0.858819,-1.0,-1.0,-1.0
56.0,7.0,1631.4996800000001,745.49966,73.0,150.00004,0.86209,-1.0,-1.0,-1.0
56.0,4.0,1187.499968,501.4995800000001,39.000063999999995,94.99996,0.878005,-1.0,-1.0,-1.0
56.0,11.0,1856.500448,463.49972599999995,42.000064,93.999988,0.88342,-1.0,-1.0,-1.0
56.0,5.0,120.50009599999998,629.49956,64.0,136.0,0.888096,-1.0,-1.0,-1.0
56.0,9.0,887.499968,844.50002,63.000064,171.99964,0.906486,-1.0,-1.0,-1.0
57.0,-1.0,990.6491199999999,452.59995999999995,20.2,11.8,0.25,-1.0,-1.0,-1.0
57.0,-1.0,647.5,360.49999,25.0,62.00002,0.78486,-1.0,-1.0,-1.0
57.0,10.0,1116.499328,562.50014,45.000064,125.0002,0.828135,-1.0,-1.0,-1.0
57.0,6.0,908.4998720000001,470.50034,49.999936,94.99996,0.828957,-1.0,-1.0,-1.0
57.0,2.0,1650.499232,377.50046000000003,37.999936000000005,67.99996,0.832947,-1.0,-1.0,-1.0
57.0,1.0,974.499392,396.499766,40.999936,66.999988,0.834369,-1.0,-1.0,-1.0
57.0,8.0,1456.4990719999998,416.499638,34.999936,78.000004,0.844327,-1.0,-1.0,-1.0
57.0,3.0,452.499872,439.49975000000006,37.999936000000005,89.00001999999999,0.858393,-1.0,-1.0,-1.0
57.0,11.0,1853.4992,463.49967200000003,40.0,93.000016,0.863998,-1.0,-1.0,-1.0
57.0,7.0,1638.500768,742.49942,72.000064,155.00044,0.864335,-1.0,-1.0,-1.0
57.0,4.0,1186.4996480000002,502.49966,39.000063999999995,94.99996,0.879907,-1.0,-1.0,-1.0
57.0,5.0,117.5,629.49956,61.999936000000005,139.00024,0.883007,-1.0,-1.0,-1.0
57.0,9.0,893.50064,844.50002,55.0,173.9998,0.887614,-1.0,-1.0,-1.0
58.0,-1.0,988.0657599999998,453.6000399999999,20.2,11.8,0.25,-1.0,-1.0,-1.0
58.0,-1.0,642.5007999999999,362.50009600000004,22.0,59.999968,0.736787,-1.0,-1.0,-1.0
58.0,2.0,1651.5008,376.50038,34.0,67.99996,0.792606,-1.0,-1.0,-1.0
58.0,6.0,909.499808,469.500314,48.000064,97.00001200000001,0.825436,-1.0,-1.0,-1.0
58.0,8.0,1452.5,416.499638,37.0,78.000004,0.834231,-1.0,-1.0,-1.0
58.0,3.0,446.49948800000004,437.499698,36.000064,90.999964,0.842363,-1.0,-1.0,-1.0
58.0,1.0,970.499168,397.499846,42.000064,66.999988,0.845939,-1.0,-1.0,-1.0
58.0,5.0,114.5,630.49964,61.0,138.00016,0.862392,-1.0,-1.0,-1.0
58.0,11.0,1849.49984,462.499538,40.0,90.999964,0.866282,-1.0,-1.0,-1.0
58.0,4.0,1185.500192,503.49974000000003,37.999936000000005,94.99996,0.868517,-1.0,-1.0,-1.0
58.0,7.0,1646.49968,739.49972,67.0,157.9996,0.871388,-1.0,-1.0,-1.0
58.0,10.0,1114.49984,564.5003,46.0,118.99972,0.875943,-1.0,-1.0,-1.0
58.0,9.0,899.4994879999999,845.5001,54.000063999999995,174.99988000000002,0.877302,-1.0,-1.0,-1.0
59.0,-1.0,985.4823999999999,454.60011999999995,20.2,11.8,0.25,-1.0,-1.0,-1.0
59.0,-1.0,633.500512,362.50009600000004,25.999936,59.999968,0.73885,-1.0,-1.0,-1.0
59.0,2.0,1649.50064,375.5003,31.0,69.00004,0.814802,-1.0,-1.0,-1.0
59.0,8.0,1447.5006080000003,417.499718,39.000063999999995,78.000004,0.815387,-1.0,-1.0,-1.0
59.0,3.0,439.499168,437.499698,36.000064,90.999964,0.828246,-1.0,-1.0,-1.0
59.0,6.0,909.499808,468.50028799999995,48.000064,97.999984,0.829029,-1.0,-1.0,-1.0
59.0,1.0,966.500192,397.4999,43.999936,67.99996,0.834745,-1.0,-1.0,-1.0
59.0,4.0,1184.4998719999999,502.49971400000004,37.999936000000005,97.00001200000001,0.852284,-1.0,-1.0,-1.0
59.0,7.0,1650.50048,736.5005600000001,70.0,160.99984,0.869444,-1.0,-1.0,-1.0
59.0,10.0,1111.499648,565.5003800000001,45.000064,116.99956,0.874611,-1.0,-1.0,-1.0
59.0,11.0,1845.500192,463.499618,37.999936000000005,90.999964,0.883382,-1.0,-1.0,-1.0
59.0,5.0,112.500032,629.49956,57.000064,137.00008,0.885455,-1.0,-1.0,-1.0
59.0,9.0,897.500768,846.50018,66.00006400000001,174.99988000000002,0.893946,-1.0,-1.0,-1.0
60.0,-1.0,986.4990399999999,456.5002018,13.0,9.9999964,0.414939,-1.0,-1.0,-1.0
60.0,-1.0,628.4993920000001,362.50009600000004,22.999935999999998,59.999968,0.714345,-1.0,-1.0,-1.0
60.0,1.0,962.5008320000001,398.49992599999996,43.999936,66.999988,0.729033,-1.0,-1.0,-1.0
60.0,2.0,1648.5008,374.50032799999997,28.0,70.99998400000001,0.806594,-1.0,-1.0,-1.0
60.0,3.0,433.49916800000005,436.499618,36.000064,92.00004399999999,0.841531,-1.0,-1.0,-1.0
60.0,10.0,1108.4998400000002,566.5004600000001,46.0,115.99948,0.842749,-1.0,-1.0,-1.0
60.0,4.0,1181.500832,502.499768,37.999936000000005,97.999984,0.842877,-1.0,-1.0,-1.0
60.0,6.0,905.4992,466.50018199999994,52.0,100.00003600000001,0.853313,-1.0,-1.0,-1.0
60.0,8.0,1445.50016,415.499666,34.0,79.99994799999999,0.859088,-1.0,-1.0,-1.0
60.0,11.0,1841.50016,463.499618,34.0,90.999964,0.859307,-1.0,-1.0,-1.0
60.0,5.0,109.49993599999999,631.49972,55.0,133.99984,0.872224,-1.0,-1.0,-1.0
60.0,7.0,1654.49984,735.4999399999999,70.0,156.00052,0.877886,-1.0,-1.0,-1.0
60.0,9.0,893.50064,848.5003399999999,79.0,174.99988000000002,0.898954,-1.0,-1.0,-1.0
61.0,-1.0,981.49936,455.5001596,13.0,11.0000008,0.328122,-1.0,-1.0,-1.0
61.0,-1.0,622.49968,363.50012200000003,25.0,58.999996,0.729096,-1.0,-1.0,-1.0
61.0,10.0,1106.499968,566.5004600000001,45.000064,115.99948,0.771287,-1.0,-1.0,-1.0
61.0,2.0,1646.4998719999999,375.500354,25.999936,70.000012,0.800406,-1.0,-1.0,-1.0
61.0,1.0,959.5009279999999,399.50006,45.000064,67.99996,0.814487,-1.0,-1.0,-1.0
61.0,5.0,105.50009600000001,631.49972,52.999936000000005,134.99992,0.821819,-1.0,-1.0,-1.0
61.0,3.0,424.49935999999997,435.499538,37.0,92.00004399999999,0.827504,-1.0,-1.0,-1.0
61.0,8.0,1443.499232,414.49958599999997,31.999935999999998,79.99994799999999,0.853829,-1.0,-1.0,-1.0
61.0,11.0,1837.49936,463.499618,31.0,90.999964,0.854548,-1.0,-1.0,-1.0
61.0,4.0,1180.5005119999998,500.499662,37.999936000000005,98.999956,0.869045,-1.0,-1.0,-1.0
61.0,6.0,905.4992,465.50015600000006,52.0,101.000008,0.871067,-1.0,-1.0,-1.0
61.0,7.0,1656.500768,733.49978,72.000064,153.00028,0.879608,-1.0,-1.0,-1.0
61.0,9.0,889.499648,852.50066,93.000064,172.99972000000002,0.888549,-1.0,-1.0,-1.0
62.0,-1.0,989.1772266666666,444.71128000000004,20.2,11.8,0.25,-1.0,-1.0,-1.0
62.0,-1.0,1905.5004800000002,490.49977999999993,16.0,96.00004,0.494621,-1.0,-1.0,-1.0
62.0,-1.0,617.499712,363.500176,22.999935999999998,59.999968,0.732795,-1.0,-1.0,-1.0
62.0,2.0,1644.499232,375.500354,25.999936,70.000012,0.773656,-1.0,-1.0,-1.0
62.0,3.0,418.49936,435.499538,37.0,92.00004399999999,0.835576,-1.0,-1.0,-1.0
62.0,11.0,1832.500448,462.499538,30.000064,90.999964,0.842045,-1.0,-1.0,-1.0
62.0,8.0,1441.49936,411.500534,31.0,82.999972,0.852788,-1.0,-1.0,-1.0
62.0,5.0,102.49990400000002,630.49964,52.0,136.0,0.861191,-1.0,-1.0,-1.0
62.0,1.0,958.4995520000001,400.500086,43.999936,66.999988,0.868118,-1.0,-1.0,-1.0
62.0,10.0,1104.500192,564.5003,43.999936,116.99956,0.868272,-1.0,-1.0,-1.0
62.0,6.0,904.5008,465.50015600000006,52.0,101.000008,0.87338,-1.0,-1.0,-1.0
62.0,4.0,1179.50096,498.4995560000001,37.0,101.000008,0.878781,-1.0,-1.0,-1.0
62.0,7.0,1661.499392,735.4999399999999,70.99993599999999,148.99996,0.879095,-1.0,-1.0,-1.0
62.0,9.0,886.49936,854.49974,97.0,172.99972000000002,0.897764,-1.0,-1.0,-1.0
63.0,-1.0,1000.4550933333331,434.3224000000001,20.2,11.8,0.25,-1.0,-1.0,-1.0
63.0,12.0,1895.4996800000001,495.50028800000007,25.0,97.999984,0.441507,-1.0,-1.0,-1.0
63.0,-1.0,611.5007679999999,362.50009600000004,24.000064000000002,61.000048,0.764487,-1.0,-1.0,-1.0
63.0,2.0,1643.4996800000001,375.500354,25.0,70.000012,0.788418,-1.0,-1.0,-1.0
63.0,8.0,1439.5003519999998,410.50023799999997,28.999936,78.000004,0.842734,-1.0,-1.0,-1.0
63.0,11.0,1826.49968,461.500538,31.0,90.999964,0.865232,-1.0,-1.0,-1.0
63.0,3.0,410.4998719999999,437.499644,37.999936000000005,89.999992,0.867769,-1.0,-1.0,-1.0
63.0,1.0,959.4991999999999,400.50014,40.0,67.99996,0.871365,-1.0,-1.0,-1.0
63.0,5.0,98.49996799999998,632.4997999999999,51.000064,136.0,0.876564,-1.0,-1.0,-1.0
63.0,6.0,903.50048,465.500102,52.0,98.999956,0.880089,-1.0,-1.0,-1.0
63.0,4.0,1176.500288,496.50047600000005,39.000063999999995,101.000008,0.880973,-1.0,-1.0,-1.0
63.0,7.0,1669.49936,736.50002,67.0,150.00004,0.882153,-1.0,-1.0,-1.0
63.0,9.0,885.499328,855.49982,99.00006400000001,172.99972000000002,0.892998,-1.0,-1.0,-1.0
63.0,10.0,1103.4998719999999,562.5001399999999,43.999936,119.99980000000001,0.897649,-1.0,-1.0,-1.0
64.0,-1.0,1011.7329599999997,423.9335200000001,20.2,11.8,0.25,-1.0,-1.0,-1.0
64.0,12.0,1891.5001280000001,492.49983199999997,30.000064,93.000016,0.689555,-1.0,-1.0,-1.0
64.0,-1.0,603.500512,363.500176,25.999936,59.999968,0.783754,-1.0,-1.0,-1.0
64.0,2.0,1639.500608,376.50038,27.000064000000002,69.00004,0.829683,-1.0,-1.0,-1.0
64.0,11.0,1822.500608,459.500432,33.000064,93.000016,0.832894,-1.0,-1.0,-1.0
64.0,8.0,1435.49936,411.50026399999996,31.0,75.99995200000001,0.836545,-1.0,-1.0,-1.0
64.0,7.0,1676.499392,737.5001,64.999936,150.00004,0.855084,-1.0,-1.0,-1.0
64.0,3.0,403.500608,439.49969600000003,39.000063999999995,88.000048,0.856621,-1.0,-1.0,-1.0
64.0,1.0,960.500768,400.50014,36.000064,69.00004,0.869309,-1.0,-1.0,-1.0
64.0,6.0,904.5005120000001,466.50007400000004,49.999936,97.00001200000001,0.869541,-1.0,-1.0,-1.0
64.0,5.0,95.50006400000001,632.4997999999999,49.999936,137.00008,0.870106,-1.0,-1.0,-1.0
64.0,4.0,1175.4992,496.500368,40.0,97.999984,0.877929,-1.0,-1.0,-1.0
64.0,9.0,885.499328,857.49998,99.00006400000001,172.99972000000002,0.889168,-1.0,-1.0,-1.0
64.0,10.0,1102.5003199999999,559.4998999999999,43.0,121.99996,0.889794,-1.0,-1.0,-1.0
65.0,-1.0,1023.0108266666663,413.54464000000013,20.2,11.8,0.25,-1.0,-1.0,-1.0
65.0,-1.0,597.5008,362.50015,28.0,62.00002,0.7984,-1.0,-1.0,-1.0
65.0,12.0,1888.500608,489.50050999999996,33.000064,89.00001999999999,0.823811,-1.0,-1.0,-1.0
65.0,7.0,1682.50016,737.5001,64.0,151.00012,0.830613,-1.0,-1.0,-1.0
65.0,2.0,1638.5002880000002,377.500406,27.000064000000002,66.999988,0.830707,-1.0,-1.0,-1.0
65.0,8.0,1433.4998719999999,410.500184,31.999935999999998,77.000032,0.834825,-1.0,-1.0,-1.0
65.0,6.0,905.500448,467.50015400000007,48.000064,97.00001200000001,0.839231,-1.0,-1.0,-1.0
65.0,11.0,1817.50016,458.500298,34.0,92.00004399999999,0.847306,-1.0,-1.0,-1.0
65.0,1.0,958.49984,399.500168,34.0,70.99998400000001,0.855575,-1.0,-1.0,-1.0
65.0,3.0,398.50064,439.49969600000003,37.0,88.000048,0.869269,-1.0,-1.0,-1.0
65.0,5.0,93.499904,632.4997999999999,51.000064,137.00008,0.881287,-1.0,-1.0,-1.0
65.0,4.0,1174.500032,497.50034,40.999936,94.99996,0.882506,-1.0,-1.0,-1.0
65.0,9.0,889.5008,856.4999,94.0,173.9998,0.888564,-1.0,-1.0,-1.0
65.0,10.0,1100.500832,558.49982,43.999936,124.00012000000001,0.889371,-1.0,-1.0,-1.0
66.0,-1.0,1034.288693333333,403.15576000000016,20.2,11.8,0.25,-1.0,-1.0,-1.0
66.0,6.0,911.4994879999999,469.50025999999997,42.000064,94.99996,0.815996,-1.0,-1.0,-1.0
66.0,2.0,1636.5008,377.500406,28.0,66.999988,0.816934,-1.0,-1.0,-1.0
66.0,8.0,1430.500832,412.50034400000004,31.999935999999998,75.99995200000001,0.820272,-1.0,-1.0,-1.0
66.0,-1.0,592.4992000000001,362.50015,28.0,62.00002,0.831442,-1.0,-1.0,-1.0
66.0,1.0,957.4995200000001,398.500142,34.0,71.999956,0.833351,-1.0,-1.0,-1.0
66.0,12.0,1885.499168,486.50043200000005,36.000064,93.000016,0.838052,-1.0,-1.0,-1.0
66.0,7.0,1690.500128,735.4999399999999,60.000064,154.00036,0.851022,-1.0,-1.0,-1.0
66.0,3.0,393.49904,439.49975000000006,37.0,89.00001999999999,0.868005,-1.0,-1.0,-1.0
66.0,11.0,1813.499168,459.50027000000006,36.000064,89.00001999999999,0.871341,-1.0,-1.0,-1.0
66.0,4.0,1173.5004800000002,498.50042,40.0,94.99996,0.881487,-1.0,-1.0,-1.0
66.0,5.0,89.500064,633.4998800000001,55.999936,136.0,0.895192,-1.0,-1.0,-1.0
66.0,10.0,1097.499392,557.49974,46.999936,125.0002,0.897309,-1.0,-1.0,-1.0
66.0,9.0,894.4995200000001,857.49998,88.0,173.9998,0.897454,-1.0,-1.0,-1.0
67.0,-1.0,1045.5665599999995,392.7668800000002,20.2,11.8,0.25,-1.0,-1.0,-1.0
67.0,6.0,908.4994879999999,469.50025999999997,48.000064,96.00004,0.790457,-1.0,-1.0,-1.0
67.0,12.0,1880.499392,486.50053999999994,40.999936,94.99996,0.80564,-1.0,-1.0,-1.0
67.0,1.0,955.5008000000001,398.500142,34.0,71.999956,0.817115,-1.0,-1.0,-1.0
67.0,8.0,1427.50016,412.50034400000004,34.0,75.99995200000001,0.823694,-1.0,-1.0,-1.0
67.0,2.0,1635.499328,378.50048599999997,27.000064000000002,66.999988,0.832749,-1.0,-1.0,-1.0
67.0,-1.0,586.4992,362.500204,28.0,62.999992,0.836463,-1.0,-1.0,-1.0
67.0,7.0,1693.500608,732.50024,63.000064,156.99952,0.842443,-1.0,-1.0,-1.0
67.0,11.0,1809.50096,458.500244,37.0,89.999992,0.852845,-1.0,-1.0,-1.0
67.0,4.0,1173.5004800000002,498.50042,40.0,96.00004,0.87606,-1.0,-1.0,-1.0
67.0,3.0,388.50099199999994,438.499724,34.999936,89.999992,0.878346,-1.0,-1.0,-1.0
67.0,9.0,900.5001920000001,857.49998,79.999936,173.9998,0.89077,-1.0,-1.0,-1.0
67.0,10.0,1095.499808,558.49982,48.000064,121.99996,0.896339,-1.0,-1.0,-1.0
67.0,5.0,85.49993599999999,634.49996,60.000064,136.0,0.903865,-1.0,-1.0,-1.0
68.0,-1.0,1056.844426666666,382.3780000000002,20.2,11.8,0.25,-1.0,-1.0,-1.0
68.0,-1.0,1908.5,428.500166,13.0,66.999988,0.514896,-1.0,-1.0,-1.0
68.0,6.0,905.500352,468.500234,52.999936000000005,97.00001200000001,0.8115,-1.0,-1.0,-1.0
68.0,2.0,1634.5009280000002,377.50046,27.000064000000002,69.00004,0.829621,-1.0,-1.0,-1.0
68.0,-1.0,582.5001279999999,362.500258,30.000064,63.999964,0.831417,-1.0,-1.0,-1.0
68.0,12.0,1873.500032,485.500352,46.999936,93.000016,0.836007,-1.0,-1.0,-1.0
68.0,8.0,1424.4992,411.500264,34.0,77.000032,0.844615,-1.0,-1.0,-1.0
68.0,1.0,954.499328,398.500142,33.000064,73.000036,0.850927,-1.0,-1.0,-1.0
68.0,3.0,384.50048,436.499618,34.0,90.999964,0.863963,-1.0,-1.0,-1.0
68.0,7.0,1695.499232,729.5,67.99993599999999,157.9996,0.868899,-1.0,-1.0,-1.0
68.0,11.0,1803.4998080000003,458.500244,36.000064,89.999992,0.871607,-1.0,-1.0,-1.0
68.0,4.0,1173.5004800000002,497.500448,40.0,97.999984,0.872404,-1.0,-1.0,-1.0
68.0,9.0,909.499232,857.4999799999999,67.99993599999999,174.99988000000002,0.881121,-1.0,-1.0,-1.0
68.0,10.0,1094.50064,559.4999,49.0,118.99972,0.8866,-1.0,-1.0,-1.0
68.0,5.0,80.500064,635.50004,60.000064,136.0,0.895332,-1.0,-1.0,-1.0
69.0,-1.0,1068.122293333333,371.9891200000002,20.2,11.8,0.25,-1.0,-1.0,-1.0
69.0,13.0,1904.4993632,427.500086,16.9999936,66.999988,0.742504,-1.0,-1.0,-1.0
69.0,3.0,379.5008,435.499592,34.0,93.000016,0.765153,-1.0,-1.0,-1.0
69.0,2.0,1633.5006080000003,376.50038,27.000064000000002,69.00004,0.814951,-1.0,-1.0,-1.0
69.0,6.0,904.4998400000001,466.50018200000005,58.0,98.999956,0.828327,-1.0,-1.0,-1.0
69.0,12.0,1867.49984,485.50024399999995,52.0,89.999992,0.850265,-1.0,-1.0,-1.0
69.0,-1.0,577.5004479999999,363.50028399999997,30.000064,62.999992,0.852183,-1.0,-1.0,-1.0
69.0,8.0,1422.4997119999998,410.500184,34.999936,75.99995200000001,0.853667,-1.0,-1.0,-1.0
69.0,1.0,953.5001599999999,399.50022199999995,34.0,71.999956,0.856065,-1.0,-1.0,-1.0
69.0,9.0,915.4998079999999,856.4999,60.000064,178.00012,0.867398,-1.0,-1.0,-1.0
69.0,11.0,1799.4990080000002,457.500164,33.000064,89.999992,0.870961,-1.0,-1.0,-1.0
69.0,7.0,1699.500032,728.49938,70.99993599999999,152.0002,0.873444,-1.0,-1.0,-1.0
69.0,4.0,1172.5009280000002,496.500422,39.000063999999995,100.00003600000001,0.876971,-1.0,-1.0,-1.0
69.0,10.0,1093.500608,560.49998,51.000064,116.99956,0.883139,-1.0,-1.0,-1.0
69.0,5.0,76.499936,636.50012,61.0,136.0,0.910469,-1.0,-1.0,-1.0
70.0,-1.0,1079.4001599999995,361.6002400000002,20.2,11.8,0.25,-1.0,-1.0,-1.0
70.0,12.0,1859.500832,485.50019,49.999936,89.00001999999999,0.756136,-1.0,-1.0,-1.0
70.0,13.0,1901.4998432000002,423.49987400000003,19.9999936,70.000012,0.788278,-1.0,-1.0,-1.0
70.0,6.0,904.49936,466.50018199999994,61.0,100.00003600000001,0.793018,-1.0,-1.0,-1.0
70.0,2.0,1632.500288,375.500354,27.000064000000002,70.000012,0.793872,-1.0,-1.0,-1.0
70.0,-1.0,574.500352,362.500258,28.999936,63.999964,0.827886,-1.0,-1.0,-1.0
70.0,1.0,953.4993920000001,400.500248,34.999936,70.99998400000001,0.854969,-1.0,-1.0,-1.0
70.0,8.0,1420.5001280000001,407.500052,36.000064,78.999976,0.855596,-1.0,-1.0,-1.0
70.0,11.0,1794.5001919999997,455.500058,31.999935999999998,92.00004399999999,0.866316,-1.0,-1.0,-1.0
70.0,9.0,926.5004479999999,857.49998,54.000063999999995,179.00019999999998,0.866737,-1.0,-1.0,-1.0
70.0,7.0,1701.499328,728.50046,75.000064,146.9998,0.867453,-1.0,-1.0,-1.0
70.0,3.0,376.500992,434.499458,34.999936,92.00004399999999,0.878403,-1.0,-1.0,-1.0
70.0,4.0,1173.500192,493.50029000000006,37.999936000000005,101.99998000000001,0.881748,-1.0,-1.0,-1.0
70.0,10.0,1094.499008,560.49998,51.000064,116.99956,0.895664,-1.0,-1.0,-1.0
70.0,5.0,73.49993599999999,636.50012,60.000064,136.0,0.909827,-1.0,-1.0,-1.0
71.0,-1.0,1090.678026666666,351.21136000000024,20.2,11.8,0.25,-1.0,-1.0,-1.0
71.0,13.0,1896.5,419.499662,25.0,71.999956,0.738729,-1.0,-1.0,-1.0
71.0,2.0,1632.500288,375.500354,27.000064000000002,70.000012,0.766141,-1.0,-1.0,-1.0
71.0,-1.0,571.5004479999999,362.500258,30.000064,63.999964,0.829023,-1.0,-1.0,-1.0
71.0,12.0,1853.500832,485.50019,49.999936,89.00001999999999,0.847647,-1.0,-1.0,-1.0
71.0,6.0,906.500672,464.50007600000004,64.999936,101.000008,0.849972,-1.0,-1.0,-1.0
71.0,8.0,1420.500992,406.49997199999996,34.999936,78.999976,0.853975,-1.0,-1.0,-1.0
71.0,1.0,951.500192,400.500248,37.999936000000005,70.99998400000001,0.85662,-1.0,-1.0,-1.0
71.0,7.0,1706.500448,727.5003800000001,78.000064,152.0002,0.863742,-1.0,-1.0,-1.0
71.0,11.0,1792.50032,454.50003200000003,31.0,93.000016,0.880101,-1.0,-1.0,-1.0
71.0,9.0,926.50064,859.50014,61.0,178.00012,0.882781,-1.0,-1.0,-1.0
71.0,4.0,1174.500512,493.500236,37.999936000000005,101.000008,0.885257,-1.0,-1.0,-1.0
71.0,10.0,1097.500448,558.49982,48.000064,118.99972,0.886666,-1.0,-1.0,-1.0
71.0,3.0,373.50032,434.49951200000004,37.0,93.000016,0.89454,-1.0,-1.0,-1.0
71.0,5.0,72.499904,636.50012,58.0,136.0,0.910887,-1.0,-1.0,-1.0
72.0,-1.0,1101.9558933333326,340.82248000000027,20.2,11.8,0.25,-1.0,-1.0,-1.0
72.0,2.0,1630.5008,375.500354,28.0,70.000012,0.74341,-1.0,-1.0,-1.0
72.0,12.0,1845.49904,484.50016400000004,49.0,89.999992,0.83689,-1.0,-1.0,-1.0
72.0,1.0,951.500192,401.50032799999997,37.999936000000005,70.99998400000001,0.845,-1.0,-1.0,-1.0
72.0,-1.0,568.5003520000001,363.50028399999997,28.999936,62.999992,0.845144,-1.0,-1.0,-1.0
72.0,8.0,1419.49952,405.49989200000005,34.0,78.999976,0.84763,-1.0,-1.0,-1.0
72.0,6.0,909.499712,465.500048,64.999936,97.999984,0.854893,-1.0,-1.0,-1.0
72.0,7.0,1715.500448,731.4996199999999,72.000064,146.9998,0.85982,-1.0,-1.0,-1.0
72.0,13.0,1893.50048,411.500426,28.0,79.99994799999999,0.871731,-1.0,-1.0,-1.0
72.0,11.0,1788.49904,453.499898,31.0,92.00004399999999,0.871732,-1.0,-1.0,-1.0
72.0,3.0,369.499712,435.49953800000003,40.999936,90.999964,0.872975,-1.0,-1.0,-1.0
72.0,4.0,1174.500512,493.50018199999994,37.999936000000005,98.999956,0.873077,-1.0,-1.0,-1.0
72.0,10.0,1099.5008,556.4996600000001,46.0,120.99988,0.884937,-1.0,-1.0,-1.0
72.0,5.0,72.5,636.50012,55.999936,133.99984,0.902965,-1.0,-1.0,-1.0
72.0,9.0,925.500128,862.50038,78.000064,174.99988000000002,0.905834,-1.0,-1.0,-1.0
73.0,-1.0,1113.2337599999992,330.4336000000003,20.2,11.8,0.25,-1.0,-1.0,-1.0
73.0,12.0,1839.5002880000002,481.499978,45.000064,92.00004399999999,0.794892,-1.0,-1.0,-1.0
73.0,2.0,1630.500512,374.50032799999997,25.999936,70.99998400000001,0.802268,-1.0,-1.0,-1.0
73.0,-1.0,564.4998400000001,362.500258,28.0,65.000044,0.814851,-1.0,-1.0,-1.0
73.0,8.0,1419.499232,406.499864,31.999935999999998,77.000032,0.838193,-1.0,-1.0,-1.0
73.0,1.0,949.500608,403.50038,39.000063999999995,69.00004,0.852262,-1.0,-1.0,-1.0
73.0,7.0,1726.4998400000002,734.49986,70.0,144.99964,0.861567,-1.0,-1.0,-1.0
73.0,3.0,366.49980800000003,436.49951000000004,42.000064,89.00001999999999,0.862875,-1.0,-1.0,-1.0
73.0,4.0,1173.50096,493.50002,37.0,94.99996,0.863014,-1.0,-1.0,-1.0
73.0,11.0,1784.500832,452.499764,31.999935999999998,89.999992,0.864763,-1.0,-1.0,-1.0
73.0,6.0,913.500608,468.50007200000005,63.000064,93.000016,0.864904,-1.0,-1.0,-1.0
73.0,13.0,1890.5009599999998,415.49950399999994,31.0,77.000032,0.870399,-1.0,-1.0,-1.0
73.0,10.0,1100.499968,555.49958,45.000064,121.99996,0.88638,-1.0,-1.0,-1.0
73.0,5.0,72.49990399999999,635.5000400000001,51.000064,132.99976,0.893527,-1.0,-1.0,-1.0
73.0,9.0,923.5001599999999,863.50046,94.0,175.99996,0.907582,-1.0,-1.0,-1.0
74.0,-1.0,1124.5116266666657,320.0447200000003,20.2,11.8,0.25,-1.0,-1.0,-1.0
74.0,-1.0,561.500032,363.500338,28.999936,63.999964,0.776599,-1.0,-1.0,-1.0
74.0,3.0,361.5008,437.499536,46.0,88.000048,0.827349,-1.0,-1.0,-1.0
74.0,2.0,1628.499872,375.500354,25.999936,70.000012,0.828397,-1.0,-1.0,-1.0
74.0,12.0,1833.500768,479.49998,42.000064,94.99996,0.829573,-1.0,-1.0,-1.0
74.0,1.0,947.4999680000001,405.500486,39.000063999999995,66.999988,0.845314,-1.0,-1.0,-1.0
74.0,8.0,1417.500512,408.49996999999996,31.999935999999998,74.99998,0.853062,-1.0,-1.0,-1.0
74.0,6.0,919.50032,465.499994,61.0,97.00001200000001,0.860364,-1.0,-1.0,-1.0
74.0,7.0,1735.49936,733.49978,67.0,146.9998,0.862778,-1.0,-1.0,-1.0
74.0,11.0,1780.5003199999999,452.49971,31.0,89.00001999999999,0.864782,-1.0,-1.0,-1.0
74.0,4.0,1172.499872,494.500046,37.999936000000005,93.999988,0.870349,-1.0,-1.0,-1.0
74.0,10.0,1099.5008,554.4995,46.0,123.00004,0.877683,-1.0,-1.0,-1.0
74.0,13.0,1888.500608,415.49950399999994,33.000064,77.000032,0.879352,-1.0,-1.0,-1.0
74.0,9.0,921.499712,864.50054,100.99993599999999,175.99996,0.88476,-1.0,-1.0,-1.0
74.0,5.0,72.5,636.50012,48.000064,132.99976,0.890602,-1.0,-1.0,-1.0
75.0,-1.0,1135.7894933333323,309.65584000000035,20.2,11.8,0.25,-1.0,-1.0,-1.0
75.0,2.0,1627.500608,376.50038,27.000064000000002,67.99996,0.820431,-1.0,-1.0,-1.0
75.0,11.0,1776.50096,452.49971,31.0,89.00001999999999,0.843105,-1.0,-1.0,-1.0
75.0,8.0,1416.50096,408.499916,31.0,74.00000800000001,0.845891,-1.0,-1.0,-1.0
75.0,7.0,1746.500672,730.49954,64.999936,150.00004,0.850168,-1.0,-1.0,-1.0
75.0,-1.0,557.500288,364.500364,27.000064000000002,62.999992,0.855878,-1.0,-1.0,-1.0
75.0,1.0,946.4991679999999,406.500512,42.000064,66.000016,0.863899,-1.0,-1.0,-1.0
75.0,6.0,926.4992,466.50002,58.0,94.99996,0.86417,-1.0,-1.0,-1.0
75.0,12.0,1828.4998400000002,477.49982000000006,46.0,96.00004,0.870467,-1.0,-1.0,-1.0
75.0,13.0,1888.500608,415.499504,33.000064,75.99995200000001,0.877599,-1.0,-1.0,-1.0
75.0,5.0,71.500064,635.50004,48.000064,133.99984,0.880179,-1.0,-1.0,-1.0
75.0,3.0,359.499008,437.49959,45.000064,89.00001999999999,0.884482,-1.0,-1.0,-1.0
75.0,9.0,920.49968,865.49954,103.0,175.99996,0.888467,-1.0,-1.0,-1.0
75.0,4.0,1173.499328,496.5000979999999,39.000063999999995,92.00004399999999,0.889825,-1.0,-1.0,-1.0
75.0,10.0,1100.4992,553.49942,46.0,124.00012000000001,0.889934,-1.0,-1.0,-1.0
76.0,-1.0,1147.0673599999989,299.2669600000004,20.2,11.8,0.25,-1.0,-1.0,-1.0
76.0,8.0,1412.500832,408.499862,31.999935999999998,73.000036,0.724263,-1.0,-1.0,-1.0
76.0,-1.0,553.499872,361.500232,25.999936,66.000016,0.820791,-1.0,-1.0,-1.0
76.0,11.0,1774.499168,451.49973800000004,30.000064,92.00004399999999,0.820837,-1.0,-1.0,-1.0
76.0,2.0,1628.5009280000002,376.50038,27.000064000000002,67.99996,0.823626,-1.0,-1.0,-1.0
76.0,7.0,1753.49984,728.49938,64.0,152.0002,0.834627,-1.0,-1.0,-1.0
76.0,6.0,935.499968,464.499914,51.000064,97.00001200000001,0.843511,-1.0,-1.0,-1.0
76.0,1.0,944.4996800000001,407.499458,43.0,65.000044,0.863638,-1.0,-1.0,-1.0
76.0,9.0,922.4991679999999,867.4997,102.000064,174.99988000000002,0.868454,-1.0,-1.0,-1.0
76.0,12.0,1823.4996800000001,477.49971200000005,49.0,93.000016,0.870013,-1.0,-1.0,-1.0
76.0,13.0,1887.49952,414.500504,34.0,77.000032,0.873266,-1.0,-1.0,-1.0
76.0,4.0,1174.500512,495.50007200000005,37.999936000000005,93.000016,0.885898,-1.0,-1.0,-1.0
76.0,10.0,1100.4992,553.49942,46.0,124.00012000000001,0.888256,-1.0,-1.0,-1.0
76.0,5.0,69.5,635.50004,49.0,134.99992,0.893896,-1.0,-1.0,-1.0
76.0,3.0,356.49920000000003,436.49956399999996,46.0,89.999992,0.893934,-1.0,-1.0,-1.0
77.0,-1.0,1158.3452266666654,288.8780800000004,20.2,11.8,0.25,-1.0,-1.0,-1.0
77.0,-1.0,549.49936,364.500418,25.0,63.999964,0.783802,-1.0,-1.0,-1.0
77.0,2.0,1628.5009280000002,375.5003,27.000064000000002,69.00004,0.813274,-1.0,-1.0,-1.0
77.0,8.0,1409.4998719999999,407.499836,31.999935999999998,74.00000800000001,0.846215,-1.0,-1.0,-1.0
77.0,11.0,1772.499392,449.49957800000004,28.999936,90.999964,0.846273,-1.0,-1.0,-1.0
77.0,6.0,940.4993599999999,461.49978200000004,49.0,100.00003600000001,0.850798,-1.0,-1.0,-1.0
77.0,12.0,1815.50048,475.49949799999996,52.0,90.999964,0.852002,-1.0,-1.0,-1.0
77.0,3.0,353.49900800000006,434.49951200000004,45.000064,93.000016,0.856965,-1.0,-1.0,-1.0
77.0,1.0,943.500128,406.500512,42.000064,66.000016,0.858558,-1.0,-1.0,-1.0
77.0,7.0,1757.50064,726.5002999999999,67.0,153.00028,0.869893,-1.0,-1.0,-1.0
77.0,13.0,1885.499168,413.500478,36.000064,78.000004,0.872573,-1.0,-1.0,-1.0
77.0,9.0,923.4992,867.4997000000001,100.0,177.00003999999998,0.879161,-1.0,-1.0,-1.0
77.0,10.0,1099.5008,554.50058,46.0,120.99988,0.886505,-1.0,-1.0,-1.0
77.0,4.0,1174.5008,493.50002,40.0,94.99996,0.896296,-1.0,-1.0,-1.0
77.0,5.0,65.499968,635.50004,52.0,134.99992,0.901664,-1.0,-1.0,-1.0
78.0,-1.0,1169.623093333332,278.4892000000004,20.2,11.8,0.25,-1.0,-1.0,-1.0
78.0,-1.0,545.500768,364.500364,24.000064000000002,62.999992,0.829531,-1.0,-1.0,-1.0
78.0,12.0,1809.500192,476.50049599999994,49.999936,88.000048,0.844069,-1.0,-1.0,-1.0
78.0,2.0,1626.4998080000003,376.500326,30.000064,66.999988,0.845114,-1.0,-1.0,-1.0
78.0,1.0,941.50064,404.50046000000003,43.0,69.00004,0.846895,-1.0,-1.0,-1.0
78.0,11.0,1766.500448,448.499498,30.000064,90.999964,0.851425,-1.0,-1.0,-1.0
78.0,8.0,1409.4994880000002,406.499756,30.000064,74.00000800000001,0.864257,-1.0,-1.0,-1.0
78.0,13.0,1884.5,412.500398,37.0,78.000004,0.864696,-1.0,-1.0,-1.0
78.0,7.0,1761.5,722.49998,67.0,153.00028,0.869713,-1.0,-1.0,-1.0
78.0,3.0,349.49935999999997,433.500458,43.0,92.00004399999999,0.882163,-1.0,-1.0,-1.0
78.0,6.0,940.5008,459.49972999999994,52.0,101.99998000000001,0.883786,-1.0,-1.0,-1.0
78.0,10.0,1098.4997119999998,556.5007400000001,46.999936,116.99956,0.891812,-1.0,-1.0,-1.0
78.0,5.0,60.5,635.50004,55.999936,136.0,0.896148,-1.0,-1.0,-1.0
78.0,9.0,928.5006079999999,868.4997800000001,93.000064,177.00003999999998,0.897114,-1.0,-1.0,-1.0
78.0,4.0,1172.5004480000002,491.49986000000007,42.000064,96.00004,0.902285,-1.0,-1.0,-1.0
79.0,-1.0,1183.5009568,265.50032799999997,15.0000064,16.999983999999998,0.253024,-1.0,-1.0,-1.0
79.0,-1.0,541.5003520000001,362.500312,22.999935999999998,66.000016,0.774267,-1.0,-1.0,-1.0
79.0,11.0,1762.4995519999998,447.500498,31.999935999999998,92.00004399999999,0.789253,-1.0,-1.0,-1.0
79.0,2.0,1624.499552,376.50038,31.999935999999998,67.99996,0.835033,-1.0,-1.0,-1.0
79.0,8.0,1408.499168,402.499598,30.000064,78.000004,0.84043,-1.0,-1.0,-1.0
79.0,1.0,941.499968,403.50038,39.000063999999995,69.00004,0.847947,-1.0,-1.0,-1.0
79.0,12.0,1802.5006400000002,478.49952199999996,49.0,85.999996,0.859269,-1.0,-1.0,-1.0
79.0,13.0,1884.5,411.50031800000005,37.0,78.000004,0.861553,-1.0,-1.0,-1.0
79.0,7.0,1768.499168,722.49998,66.00006400000001,148.99996,0.884598,-1.0,-1.0,-1.0
79.0,10.0,1097.5001599999998,556.5007400000001,46.0,115.99948,0.884781,-1.0,-1.0,-1.0
79.0,6.0,940.5003200000001,458.499758,55.0,105.000004,0.888058,-1.0,-1.0,-1.0
79.0,5.0,55.500032000000004,635.50004,58.0,137.00008,0.889322,-1.0,-1.0,-1.0
79.0,4.0,1169.50016,489.4998079999999,46.0,97.999984,0.901032,-1.0,-1.0,-1.0
79.0,3.0,346.499168,432.50043200000005,42.000064,93.000016,0.904944,-1.0,-1.0,-1.0
79.0,9.0,935.49968,868.4997800000001,85.0,177.00003999999998,0.912226,-1.0,-1.0,-1.0
80.0,-1.0,1182.4998400000002,265.500382,16.0,17.999956,0.523837,-1.0,-1.0,-1.0
80.0,-1.0,536.499808,362.500312,24.000064000000002,66.000016,0.814376,-1.0,-1.0,-1.0
80.0,11.0,1758.499712,447.50039,34.999936,89.00001999999999,0.830552,-1.0,-1.0,-1.0
80.0,2.0,1624.500608,376.500272,33.000064,66.000016,0.832425,-1.0,-1.0,-1.0
80.0,8.0,1405.499648,401.499464,33.000064,77.000032,0.842758,-1.0,-1.0,-1.0
80.0,1.0,939.50048,401.500382,40.0,71.999956,0.849348,-1.0,-1.0,-1.0
80.0,7.0,1772.499968,721.4998999999999,69.00006400000001,146.9998,0.864463,-1.0,-1.0,-1.0
80.0,13.0,1886.5003519999998,410.50029200000006,34.999936,78.999976,0.866491,-1.0,-1.0,-1.0
80.0,12.0,1798.500032,477.50052199999993,40.999936,85.999996,0.867393,-1.0,-1.0,-1.0
80.0,3.0,343.49984,432.50043200000005,40.0,93.000016,0.869746,-1.0,-1.0,-1.0
80.0,10.0,1097.499008,555.50066,45.000064,116.99956,0.889698,-1.0,-1.0,-1.0
80.0,6.0,943.5008000000001,458.49965,58.0,101.99998000000001,0.892723,-1.0,-1.0,-1.0
80.0,9.0,944.5009279999999,868.49978,75.000064,178.00012,0.896522,-1.0,-1.0,-1.0
80.0,5.0,51.5,635.50004,61.0,138.00016,0.905241,-1.0,-1.0,-1.0
80.0,4.0,1169.499392,488.499728,46.999936,97.999984,0.908593,-1.0,-1.0,-1.0
81.0,-1.0,1181.49952,264.500248,16.0,16.999983999999998,0.508516,-1.0,-1.0,-1.0
81.0,2.0,1624.500608,375.500246,33.000064,66.999988,0.828961,-1.0,-1.0,-1.0
81.0,-1.0,533.500768,364.500418,24.000064000000002,63.999964,0.841546,-1.0,-1.0,-1.0
81.0,8.0,1405.5005119999998,402.49949000000004,31.999935999999998,74.99998,0.844272,-1.0,-1.0,-1.0
81.0,12.0,1794.50048,476.50049599999994,34.0,88.000048,0.845437,-1.0,-1.0,-1.0
81.0,11.0,1758.49904,447.500336,31.0,88.000048,0.857233,-1.0,-1.0,-1.0
81.0,1.0,938.499008,402.50046199999997,39.000063999999995,71.999956,0.859276,-1.0,-1.0,-1.0
81.0,3.0,339.49932800000005,433.500458,39.000063999999995,92.00004399999999,0.868328,-1.0,-1.0,-1.0
81.0,9.0,953.5003519999999,867.4997000000001,64.999936,179.00019999999998,0.874461,-1.0,-1.0,-1.0
81.0,13.0,1888.500608,409.50026599999995,33.000064,79.99994799999999,0.876365,-1.0,-1.0,-1.0
81.0,7.0,1779.49952,723.5000600000001,70.0,146.9998,0.879762,-1.0,-1.0,-1.0
81.0,10.0,1098.5001919999997,554.50058,43.999936,117.99964,0.883564,-1.0,-1.0,-1.0
81.0,6.0,946.500512,458.49965,61.999936000000005,101.99998000000001,0.898193,-1.0,-1.0,-1.0
81.0,4.0,1170.500768,488.49962,48.000064,94.99996,0.899653,-1.0,-1.0,-1.0
81.0,5.0,49.500032000000004,635.5000399999999,63.000064,139.00024,0.910676,-1.0,-1.0,-1.0
82.0,-1.0,940.5003232,458.49951400000003,16.9999936,16.000011999999998,0.322486,-1.0,-1.0,-1.0
82.0,-1.0,530.499808,362.500312,24.000064000000002,66.000016,0.80546,-1.0,-1.0,-1.0
82.0,1.0,935.4992,402.500354,40.0,70.000012,0.838384,-1.0,-1.0,-1.0
82.0,2.0,1623.5002880000002,375.500192,33.000064,66.000016,0.843145,-1.0,-1.0,-1.0
82.0,12.0,1787.500448,474.500336,36.000064,88.000048,0.843668,-1.0,-1.0,-1.0
82.0,8.0,1403.499392,403.49951599999997,34.999936,74.00000800000001,0.84437,-1.0,-1.0,-1.0
82.0,7.0,1790.499392,723.50006,64.999936,147.99988000000002,0.845443,-1.0,-1.0,-1.0
82.0,11.0,1754.500832,447.50039,31.999935999999998,89.00001999999999,0.861273,-1.0,-1.0,-1.0
82.0,9.0,961.500032,868.49978,58.999936,180.00028,0.869022,-1.0,-1.0,-1.0
82.0,13.0,1889.4998719999999,407.50016,31.999935999999998,82.0,0.873138,-1.0,-1.0,-1.0
82.0,10.0,1099.49936,551.5003399999999,43.0,118.99972,0.886338,-1.0,-1.0,-1.0
82.0,3.0,337.499168,434.500484,36.000064,89.999992,0.893449,-1.0,-1.0,-1.0
82.0,4.0,1173.5006720000001,488.49962,46.999936,96.00004,0.896054,-1.0,-1.0,-1.0
82.0,5.0,46.500032000000004,635.5000399999999,64.0,139.00024,0.900167,-1.0,-1.0,-1.0
82.0,6.0,950.50064,459.499676,61.0,101.000008,0.910995,-1.0,-1.0,-1.0
83.0,-1.0,945.5004832,460.49947960000003,13.9999936,11.0000008,0.27109,-1.0,-1.0,-1.0
83.0,-1.0,526.500448,363.500338,24.000064000000002,65.000044,0.79669,-1.0,-1.0,-1.0
83.0,11.0,1751.5006400000002,448.50047000000006,31.0,89.00001999999999,0.815487,-1.0,-1.0,-1.0
83.0,12.0,1776.5006720000001,472.50023,40.999936,89.00001999999999,0.841381,-1.0,-1.0,-1.0
83.0,8.0,1401.499808,404.499542,36.000064,73.000036,0.846239,-1.0,-1.0,-1.0
83.0,2.0,1623.5,373.50014,31.0,67.99996,0.848683,-1.0,-1.0,-1.0
83.0,1.0,931.49936,403.500488,43.0,70.99998400000001,0.853144,-1.0,-1.0,-1.0
83.0,13.0,1893.50048,406.50008,28.0,82.0,0.855302,-1.0,-1.0,-1.0
83.0,6.0,953.499392,460.499648,58.999936,97.999984,0.860933,-1.0,-1.0,-1.0
83.0,9.0,971.5001599999999,868.49978,58.0,181.00036,0.865631,-1.0,-1.0,-1.0
83.0,7.0,1800.4997119999998,722.49998,58.999936,150.00004,0.871752,-1.0,-1.0,-1.0
83.0,3.0,335.50044800000006,434.500538,36.000064,90.999964,0.874018,-1.0,-1.0,-1.0
83.0,10.0,1100.499968,550.5002599999999,45.000064,119.99980000000001,0.874461,-1.0,-1.0,-1.0
83.0,4.0,1176.5,488.499674,49.0,97.00001200000001,0.886692,-1.0,-1.0,-1.0
83.0,5.0,44.499967999999996,636.5001199999999,63.000064,138.00016,0.905267,-1.0,-1.0,-1.0
84.0,-1.0,1176.5006368,265.50032799999997,15.0000064,16.999983999999998,0.381192,-1.0,-1.0,-1.0
84.0,7.0,1807.4996480000002,720.49982,57.000064,151.00012,0.820748,-1.0,-1.0,-1.0
84.0,12.0,1768.500608,472.50017600000007,45.000064,86.999968,0.821781,-1.0,-1.0,-1.0
84.0,-1.0,524.4998079999999,362.500312,24.000064000000002,66.000016,0.828046,-1.0,-1.0,-1.0
84.0,13.0,1894.4996480000002,405.5,27.000064000000002,82.0,0.851337,-1.0,-1.0,-1.0
84.0,11.0,1747.5001280000001,447.50039,30.000064,89.00001999999999,0.857324,-1.0,-1.0,-1.0
84.0,2.0,1623.499712,373.50014,28.999936,67.99996,0.857981,-1.0,-1.0,-1.0
84.0,1.0,929.499872,404.500514,43.999936,70.000012,0.866838,-1.0,-1.0,-1.0
84.0,3.0,333.49980800000003,434.500484,36.000064,89.999992,0.868574,-1.0,-1.0,-1.0
84.0,8.0,1397.499488,406.49954,42.000064,69.00004,0.868825,-1.0,-1.0,-1.0
84.0,10.0,1101.500672,547.5000200000001,46.999936,123.00004,0.880816,-1.0,-1.0,-1.0
84.0,9.0,973.500128,870.49994,66.00006400000001,181.00036,0.88593,-1.0,-1.0,-1.0
84.0,4.0,1180.49984,489.4997,46.0,94.99996,0.888424,-1.0,-1.0,-1.0
84.0,6.0,962.5004479999999,460.499648,54.000063999999995,97.999984,0.897621,-1.0,-1.0,-1.0
84.0,5.0,44.500063999999995,635.50004,61.0,138.00016,0.898212,-1.0,-1.0,-1.0
85.0,-1.0,1175.5003167999998,265.500274,15.0000064,16.000011999999998,0.307301,-1.0,-1.0,-1.0
85.0,13.0,1897.499168,404.499974,24.000064000000002,82.999972,0.797918,-1.0,-1.0,-1.0
85.0,3.0,331.500032,434.500538,34.999936,90.999964,0.829673,-1.0,-1.0,-1.0
85.0,-1.0,521.5,364.500418,25.0,63.999964,0.833511,-1.0,-1.0,-1.0
85.0,7.0,1809.49904,717.49958,61.0,153.00028,0.859115,-1.0,-1.0,-1.0
85.0,1.0,928.5006079999999,404.500514,45.000064,70.000012,0.859585,-1.0,-1.0,-1.0
85.0,11.0,1745.4994880000002,447.500444,30.000064,89.999992,0.861732,-1.0,-1.0,-1.0
85.0,2.0,1624.499168,371.500034,30.000064,70.000012,0.86988,-1.0,-1.0,-1.0
85.0,8.0,1395.5002880000002,409.49967200000003,45.000064,66.000016,0.871954,-1.0,-1.0,-1.0
85.0,6.0,970.500128,459.499622,48.000064,100.00003600000001,0.872,-1.0,-1.0,-1.0
85.0,12.0,1759.500608,471.5001500000001,51.000064,89.00001999999999,0.873625,-1.0,-1.0,-1.0
85.0,10.0,1102.5001280000001,547.50002,48.000064,121.99996,0.887836,-1.0,-1.0,-1.0
85.0,4.0,1187.499488,489.499592,42.000064,93.000016,0.888906,-1.0,-1.0,-1.0
85.0,5.0,43.499936000000005,634.49996,61.0,139.00024,0.895537,-1.0,-1.0,-1.0
85.0,9.0,973.5005120000001,870.49994,79.999936,180.00028,0.908185,-1.0,-1.0,-1.0
