0 0.577083 0.506481 0.00625 0.0111111 0.395657
1 0.586719 0.488889 0.0161458 0.0611111 0.653565
1 0.348177 0.298611 0.0213542 0.0675926 0.800923
1 0.36875 0.256944 0.0260417 0.0675926 0.830289
1 0.845312 0.374074 0.0166667 0.0666667 0.850921
1 0.522917 0.0555556 0.0239583 0.0555556 0.854408
1 0.367708 0.32963 0.0302083 0.0777778 0.857548
1 0.664323 0.236574 0.0255208 0.062037 0.878787
1 0.429688 0.0782407 0.0177083 0.0657407 0.879875
1 0.653906 0.144444 0.0140625 0.0666667 0.881017
1 0.554167 0.665741 0.0208333 0.0814815 0.884186
1 0.793229 0.663889 0.0302083 0.0814815 0.884573
1 0.276563 0.277315 0.0270833 0.0564815 0.887359
1 0.629427 0.408333 0.0182292 0.0703704 0.88974
1 0.680469 0.948611 0.0401042 0.0712963 0.900804
1 0.292188 0.619444 0.0260417 0.0814815 0.917059
