0 0.529427 0.543519 0.00677083 0.0111111 0.589439
2 0.492708 0.426852 0.01875 0.0592593 0.65545
1 0.486719 0.378241 0.0223958 0.0583333 0.764951
1 0.29375 0.0453704 0.0166667 0.0648148 0.792711
1 0.772656 0.849537 0.0255208 0.0712963 0.793585
1 0.563021 0.226852 0.0177083 0.0648148 0.829686
1 0.310677 0.226852 0.0192708 0.0648148 0.835236
1 0.552344 0.116204 0.0140625 0.0490741 0.837884
1 0.246094 0.693056 0.0192708 0.0898148 0.841271
1 0.209115 0.565278 0.0192708 0.0805556 0.848997
1 0.917448 0.262037 0.0151042 0.0759259 0.850929
1 0.620833 0.34537 0.0208333 0.0685185 0.851623
1 0.313281 0.292593 0.0286458 0.0592593 0.86295
1 0.689323 0.561574 0.0213542 0.0824074 0.883432
1 0.236719 0.216204 0.0265625 0.0694444 0.891732
1 0.272656 0.334722 0.0182292 0.0731481 0.900973
1 0.410937 0.673611 0.0270833 0.0842593 0.912619
