2 0.0195312 0.689352 0.0213542 0.0805556 0.311716
0 0.526302 0.456481 0.00677083 0.0111111 0.554858
1 0.0197917 0.689352 0.021875 0.0805556 0.744543
2 0.307031 0.473148 0.0130208 0.0685185 0.750692
1 0.382812 0.0208333 0.0166667 0.0416667 0.771309
1 0.768229 0.285185 0.0208333 0.062963 0.82369
1 0.234375 0.391667 0.0145833 0.0722222 0.830535
1 0.495313 0.472685 0.0197917 0.075 0.847059
1 0.00651042 0.586111 0.0130208 0.0833333 0.8479
1 0.31224 0.247685 0.0161458 0.0657407 0.855853
1 0.104427 0.369907 0.0182292 0.0694444 0.86383
1 0.872917 0.491667 0.015625 0.0722222 0.867826
1 0.435677 0.291667 0.0182292 0.0722222 0.870114
1 0.778646 0.814815 0.0177083 0.0833333 0.876514
1 0.69375 0.205093 0.01875 0.0712963 0.878837
1 0.402344 0.18287 0.0161458 0.0657407 0.882553
1 0.127083 0.0740741 0.015625 0.0611111 0.890625
1 0.507552 0.648611 0.0192708 0.0824074 0.893812
1 0.0348958 0.350463 0.0197917 0.075 0.898539
1 0.0783854 0.213889 0.0171875 0.0740741 0.900512
