0 0.536198 0.453704 0.00677083 0.0111111 0.541536
1 0.426562 0.0125 0.01875 0.025 0.647247
2 0.361719 0.438889 0.0140625 0.0666667 0.818488
1 0.550781 0.437037 0.0203125 0.0796296 0.826364
1 0.167448 0.353704 0.0140625 0.0703704 0.829216
1 0.0611979 0.576389 0.0161458 0.0805556 0.854931
1 0.774219 0.199074 0.0151042 0.0740741 0.8556
1 0.0989583 0.681481 0.0208333 0.0796296 0.869588
1 0.304427 0.369907 0.0151042 0.0712963 0.870674
1 0.801042 0.826389 0.025 0.0694444 0.873273
1 0.463542 0.269907 0.0166667 0.0712963 0.874092
1 0.564323 0.614352 0.0171875 0.0842593 0.879058
1 0.326562 0.229167 0.0270833 0.0638889 0.880593
1 0.171094 0.0652778 0.0161458 0.062037 0.884127
1 0.797917 0.281944 0.0197917 0.0712963 0.885422
1 0.935417 0.49213 0.0177083 0.075 0.886642
1 0.444792 0.169907 0.0166667 0.0657407 0.887363
1 0.127604 0.209259 0.015625 0.0722222 0.889356
1 0.0966146 0.347222 0.0161458 0.0796296 0.894956
1 0.0322917 0.692593 0.0239583 0.0851852 0.902031
