0 0.576042 0.508333 0.00625 0.0111111 0.418704
2 0.703125 0.441204 0.015625 0.0638889 0.511991
1 0.56901 0.677778 0.0182292 0.0796296 0.689713
1 0.45651 0.0893519 0.0151042 0.0601852 0.751713
1 0.588542 0.483796 0.021875 0.0601852 0.764615
1 0.861719 0.393519 0.0192708 0.0703704 0.829592
1 0.792188 0.678241 0.0208333 0.0861111 0.839131
1 0.357292 0.3125 0.0260417 0.0657407 0.851378
1 0.659115 0.243981 0.0244792 0.062037 0.854696
1 0.297656 0.300463 0.0255208 0.0564815 0.863016
1 0.522135 0.0694444 0.0192708 0.0611111 0.867749
1 0.384635 0.333333 0.0161458 0.0740741 0.87121
1 0.288802 0.619444 0.0192708 0.0833333 0.877755
1 0.639583 0.419907 0.025 0.0712963 0.882174
1 0.653646 0.15 0.0229167 0.062963 0.88386
1 0.660937 0.963426 0.040625 0.0694444 0.887288
1 0.383333 0.260648 0.01875 0.0694444 0.889333
