0 0.529688 0.450463 0.00625 0.0101852 0.297573
1 0.979167 0.243519 0.0177083 0.0703704 0.309764
3 0.978906 0.243519 0.0182292 0.0703704 0.553064
1 0.0789063 0.377778 0.0171875 0.0555556 0.842142
1 0.363281 0.0282407 0.0151042 0.0509259 0.847355
2 0.285156 0.488889 0.0151042 0.0685185 0.855012
1 0.757552 0.294444 0.0234375 0.062963 0.86083
1 0.00755208 0.360185 0.0151042 0.0722222 0.864433
1 0.108594 0.0851852 0.0151042 0.062963 0.866582
1 0.471615 0.495833 0.0171875 0.0824074 0.867991
1 0.0567708 0.219444 0.0166667 0.0703704 0.874941
1 0.423177 0.306944 0.0182292 0.0694444 0.875893
1 0.663802 0.214815 0.0161458 0.0685185 0.876286
1 0.297656 0.259259 0.0182292 0.0685185 0.878624
1 0.847656 0.503704 0.0182292 0.0777778 0.88545
1 0.382552 0.190741 0.0151042 0.0648148 0.885597
1 0.766406 0.826389 0.0213542 0.0824074 0.890157
1 0.204427 0.407407 0.0255208 0.0722222 0.892736
1 0.484115 0.665741 0.0192708 0.0814815 0.912441
