2 0.613021 0.394444 0.015625 0.0648148 0.324494
0 0.565365 0.522222 0.00572917 0.0111111 0.53018
1 0.646094 0.194444 0.0213542 0.0648148 0.598819
1 0.294531 0.222222 0.0223958 0.0703704 0.665658
1 0.313542 0.231481 0.0239583 0.0666667 0.766235
1 0.528646 0.0152778 0.0177083 0.0305556 0.805977
1 0.297656 0.239815 0.0234375 0.0518519 0.812685
1 0.780208 0.590278 0.0177083 0.0731481 0.845078
1 0.583594 0.519907 0.0223958 0.0694444 0.851335
1 0.641667 0.123148 0.0177083 0.0611111 0.856863
1 0.490365 0.627315 0.0182292 0.087963 0.872776
1 0.594271 0.3625 0.0166667 0.0694444 0.873099
1 0.779427 0.318981 0.0171875 0.075 0.873852
1 0.383073 0.0393519 0.0203125 0.0638889 0.885457
1 0.720312 0.885185 0.0302083 0.0722222 0.88773
1 0.327083 0.292593 0.021875 0.0759259 0.899754
1 0.290625 0.596759 0.0291667 0.0842593 0.910329
