0 0.5375 0.447222 0.00729167 0.0111111 0.41138
2 0.374219 0.459722 0.0151042 0.0675926 0.681998
1 0.422396 0.0199074 0.0145833 0.0398148 0.810837
1 0.20651 0.362037 0.0182292 0.0685185 0.842739
1 0.547135 0.431481 0.0307292 0.0740741 0.846495
1 0.117708 0.381019 0.0145833 0.0842593 0.851226
1 0.0486979 0.72963 0.0151042 0.0796296 0.863277
1 0.0708333 0.598611 0.0208333 0.0805556 0.872801
1 0.136979 0.713889 0.0208333 0.0851852 0.873292
1 0.571094 0.602315 0.0192708 0.087963 0.876912
1 0.178906 0.0814815 0.0151042 0.0611111 0.878026
1 0.140885 0.234722 0.0161458 0.0768519 0.879273
1 0.296354 0.243056 0.0322917 0.0638889 0.879634
1 0.457292 0.282407 0.0260417 0.0666667 0.882763
1 0.953125 0.513889 0.0177083 0.0722222 0.884609
1 0.805208 0.303704 0.0177083 0.0722222 0.884832
1 0.813281 0.218981 0.0234375 0.0675926 0.88847
1 0.776563 0.859722 0.025 0.0768519 0.893311
1 0.322396 0.399074 0.0177083 0.0777778 0.900434
1 0.448438 0.174537 0.0197917 0.0675926 0.911787
