0 0.53724 0.452778 0.00572917 0.0111111 0.302801
2 0.322396 0.231019 0.021875 0.0638889 0.468271
1 0.322656 0.230556 0.0223958 0.062963 0.604212
1 0.427083 0.012963 0.015625 0.0259259 0.645177
2 0.363802 0.439815 0.0140625 0.0666667 0.731786
1 0.0622396 0.577315 0.0171875 0.0787037 0.765598
1 0.551302 0.435185 0.0192708 0.0777778 0.808957
1 0.798177 0.830093 0.0213542 0.0657407 0.833286
1 0.103125 0.685648 0.0208333 0.0824074 0.842139
1 0.171094 0.354167 0.0130208 0.0694444 0.842792
1 0.30651 0.371296 0.0140625 0.0703704 0.848817
1 0.778646 0.202315 0.0177083 0.0731481 0.869759
1 0.46276 0.269907 0.0140625 0.0712963 0.873778
1 0.936979 0.49537 0.0177083 0.0759259 0.879759
1 0.129167 0.210648 0.015625 0.0712963 0.884181
1 0.172396 0.0666667 0.015625 0.062963 0.889037
1 0.798698 0.285185 0.0203125 0.0703704 0.889696
1 0.0973958 0.350926 0.015625 0.0759259 0.892417
1 0.445312 0.169907 0.015625 0.0657407 0.899543
1 0.565625 0.613889 0.01875 0.0833333 0.902033
1 0.0338542 0.69537 0.0239583 0.0851852 0.906035
