2 0.583594 0.365741 0.0161458 0.0592593 0.53976
1 0.632292 0.173611 0.0239583 0.0675926 0.656391
1 0.317187 0.193519 0.028125 0.0740741 0.733778
1 0.367969 0.0199074 0.0119792 0.0398148 0.774125
1 0.631771 0.0921296 0.0114583 0.0601852 0.841481
1 0.293229 0.554167 0.0239583 0.0861111 0.8587
1 0.726823 0.287963 0.0192708 0.0740741 0.868697
1 0.746354 0.827315 0.0302083 0.0768519 0.871413
1 0.565885 0.526852 0.0390625 0.062963 0.873676
1 0.769271 0.537037 0.021875 0.0722222 0.877083
1 0.279948 0.18287 0.0203125 0.0675926 0.880087
1 0.323177 0.268981 0.0171875 0.0787037 0.887441
1 0.428906 0.635648 0.0192708 0.0842593 0.887861
1 0.572917 0.333796 0.01875 0.0675926 0.895225
