2 0.502083 0.416204 0.01875 0.0638889 0.433735
0 0.533854 0.544444 0.00625 0.0111111 0.612207
1 0.316146 0.285185 0.025 0.0574074 0.733136
1 0.495833 0.369907 0.021875 0.0564815 0.809615
1 0.925521 0.252778 0.0135417 0.0777778 0.819833
1 0.31849 0.22037 0.0203125 0.0648148 0.825909
1 0.219531 0.558796 0.0192708 0.0824074 0.832426
1 0.628646 0.337037 0.021875 0.0703704 0.841551
1 0.260156 0.684259 0.0192708 0.0888889 0.851636
1 0.560938 0.111111 0.0145833 0.0518519 0.859266
1 0.779427 0.840278 0.0296875 0.0675926 0.860906
1 0.24401 0.208796 0.0223958 0.0694444 0.861556
1 0.571094 0.218981 0.0192708 0.0675926 0.866511
1 0.302865 0.0402778 0.0161458 0.0675926 0.877805
1 0.698438 0.553704 0.01875 0.0814815 0.881082
1 0.28151 0.326389 0.0182292 0.075 0.899872
1 0.42526 0.660185 0.0276042 0.0796296 0.908154
