2 0.382292 0.463426 0.0177083 0.0675926 0.65465
1 0.552083 0.422222 0.0166667 0.0722222 0.78694
1 0.0617188 0.745833 0.0182292 0.0898148 0.821667
1 0.427865 0.0212963 0.0161458 0.0425926 0.82492
1 0.133594 0.388889 0.0151042 0.0814815 0.830915
1 0.967708 0.522685 0.0166667 0.0768519 0.833547
1 0.773438 0.871296 0.0270833 0.0722222 0.834793
1 0.151302 0.239352 0.0140625 0.0712963 0.843295
1 0.160156 0.728241 0.0213542 0.0824074 0.850281
1 0.814583 0.306944 0.015625 0.0712963 0.851866
1 0.288802 0.246759 0.0234375 0.0657407 0.868157
1 0.226562 0.369444 0.021875 0.0611111 0.873426
1 0.0833333 0.602778 0.01875 0.0796296 0.874245
1 0.579687 0.597222 0.01875 0.0722222 0.877366
1 0.1875 0.0837963 0.0145833 0.0601852 0.882775
1 0.466406 0.284259 0.0255208 0.0666667 0.884826
1 0.335417 0.40463 0.0177083 0.0722222 0.894162
1 0.835677 0.221296 0.0182292 0.0722222 0.894341
1 0.459375 0.174537 0.01875 0.0694444 0.913654
