0 0.524219 0.465741 0.00677083 0.0148148 0.534218
1 0.416927 0.0106481 0.0151042 0.0212963 0.567036
1 0.0119792 0.677778 0.0177083 0.0814815 0.735969
2 0.345313 0.438889 0.0135417 0.0666667 0.77027
1 0.0710938 0.667593 0.0161458 0.0777778 0.799742
1 0.113281 0.199537 0.0161458 0.0712963 0.809533
1 0.532552 0.446296 0.0223958 0.0833333 0.839589
1 0.914323 0.480093 0.0171875 0.0768519 0.850854
1 0.157292 0.062037 0.0166667 0.0648148 0.855092
1 0.786979 0.276389 0.0166667 0.0675926 0.857887
1 0.145052 0.350926 0.0171875 0.0648148 0.870777
1 0.327344 0.228241 0.0276042 0.0657407 0.874334
1 0.796354 0.802778 0.0197917 0.0777778 0.881275
1 0.0460938 0.574537 0.0192708 0.0824074 0.883788
1 0.282031 0.368981 0.0244792 0.0712963 0.883876
1 0.454427 0.271759 0.0255208 0.0657407 0.892194
1 0.740885 0.19213 0.0192708 0.0694444 0.898318
1 0.433333 0.166667 0.0177083 0.0666667 0.898674
1 0.0794271 0.335648 0.0171875 0.075 0.898942
1 0.547396 0.621759 0.01875 0.0824074 0.906649
