0 0.576563 0.508333 0.00625 0.0111111 0.578222
1 0.386979 0.333796 0.0166667 0.075 0.779495
1 0.588021 0.481481 0.0197917 0.0611111 0.789344
1 0.865104 0.397222 0.0177083 0.0722222 0.846366
1 0.659115 0.244444 0.0244792 0.0611111 0.859329
1 0.792448 0.679167 0.0213542 0.0842593 0.863723
1 0.641927 0.420833 0.0234375 0.0657407 0.864989
1 0.302604 0.301852 0.0260417 0.0555556 0.874328
1 0.523177 0.0712963 0.0192708 0.0611111 0.880494
1 0.656771 0.149537 0.0239583 0.062037 0.884005
1 0.659896 0.963426 0.0395833 0.0675926 0.885905
1 0.358333 0.315741 0.025 0.0666667 0.885962
1 0.290365 0.619444 0.0213542 0.0814815 0.889048
1 0.460677 0.0921296 0.0161458 0.0638889 0.890021
1 0.571354 0.680093 0.0197917 0.0824074 0.891268
1 0.384635 0.260648 0.0182292 0.0694444 0.896991
