1 0.473698 0.0087963 0.00989583 0.0157407 0.313189
1 0.996875 0.196296 0.00625 0.0814815 0.458161
0 0.524479 0.541667 0.00625 0.0111111 0.625097
1 0.613021 0.35463 0.0208333 0.0703704 0.798661
1 0.232292 0.702315 0.0177083 0.087963 0.834838
1 0.544271 0.123611 0.0135417 0.0472222 0.84296
1 0.302604 0.234259 0.0177083 0.0648148 0.848199
1 0.553646 0.236111 0.0177083 0.0666667 0.852493
1 0.908333 0.269907 0.015625 0.075 0.862912
1 0.771875 0.857407 0.03125 0.0722222 0.875683
1 0.197917 0.570833 0.01875 0.0805556 0.876513
1 0.476823 0.385185 0.0192708 0.0574074 0.877875
1 0.285677 0.0513889 0.0161458 0.0657407 0.887977
1 0.679688 0.569907 0.0197917 0.0842593 0.888141
1 0.307552 0.301389 0.0286458 0.0583333 0.889143
1 0.228385 0.223611 0.0276042 0.0712963 0.895527
1 0.264062 0.342593 0.0197917 0.0722222 0.896875
1 0.395833 0.687037 0.0239583 0.0888889 0.902303
