2 0.36901 0.450926 0.0140625 0.0666667 0.759843
1 0.424479 0.0171296 0.0166667 0.0342593 0.784181
1 0.456771 0.277778 0.0197917 0.0685185 0.789432
1 0.121354 0.697685 0.0177083 0.0824074 0.832183
1 0.543229 0.430093 0.025 0.0712963 0.834966
1 0.945312 0.506944 0.015625 0.075 0.837215
1 0.188021 0.359722 0.0177083 0.0675926 0.849232
1 0.568229 0.6125 0.021875 0.0861111 0.86084
1 0.108073 0.365741 0.0171875 0.0833333 0.861375
1 0.308333 0.236574 0.028125 0.0564815 0.866736
1 0.0421875 0.711111 0.0177083 0.0703704 0.868525
1 0.17526 0.075 0.0140625 0.0648148 0.874746
1 0.788542 0.848611 0.0302083 0.0675926 0.878633
1 0.314583 0.3875 0.0166667 0.0712963 0.882334
1 0.802344 0.296759 0.0203125 0.0731481 0.886044
1 0.0669271 0.587963 0.0244792 0.0796296 0.89335
1 0.795313 0.213426 0.0239583 0.0694444 0.900822
1 0.135156 0.223611 0.0182292 0.075 0.907291
1 0.446875 0.175 0.0177083 0.0648148 0.909251
