1 0.574479 0.344907 0.01875 0.0731481 0.735862
1 0.569271 0.521296 0.03125 0.0666667 0.736385
1 0.304427 0.199074 0.0213542 0.0611111 0.738258
2 0.585677 0.378241 0.0182292 0.0675926 0.813119
1 0.367448 0.0268519 0.0161458 0.0537037 0.835412
1 0.304948 0.225463 0.0255208 0.0490741 0.854344
1 0.765625 0.554167 0.0208333 0.0657407 0.858389
1 0.630208 0.103704 0.0166667 0.062963 0.868064
1 0.738542 0.301389 0.0260417 0.0731481 0.879178
1 0.631771 0.183796 0.01875 0.0638889 0.87994
1 0.727865 0.85 0.0296875 0.0740741 0.880666
1 0.448438 0.634259 0.0270833 0.087037 0.884268
1 0.271875 0.195833 0.0177083 0.0657407 0.884978
1 0.285417 0.570833 0.0229167 0.0768519 0.889264
1 0.313802 0.280093 0.0255208 0.0731481 0.895721
