2 0.620833 0.4 0.015625 0.0666667 0.432292
0 0.566406 0.520833 0.00677083 0.012037 0.62336
1 0.31849 0.240278 0.0265625 0.0712963 0.682434
1 0.303125 0.224074 0.0208333 0.0574074 0.747584
1 0.650781 0.199537 0.0234375 0.0657407 0.773516
1 0.529948 0.0199074 0.0234375 0.0398148 0.801624
1 0.301042 0.24537 0.028125 0.0574074 0.828468
1 0.790365 0.324537 0.0171875 0.075 0.843262
1 0.586719 0.518981 0.0255208 0.0731481 0.850138
1 0.292448 0.600926 0.0203125 0.0851852 0.854058
1 0.501042 0.629167 0.01875 0.075 0.857346
1 0.599219 0.368056 0.0203125 0.0694444 0.861467
1 0.388542 0.0421296 0.0197917 0.0638889 0.878209
1 0.645833 0.125463 0.0197917 0.0638889 0.878787
1 0.71875 0.895833 0.0239583 0.0712963 0.881689
1 0.785417 0.595833 0.0208333 0.0712963 0.882059
1 0.334635 0.296296 0.0223958 0.0777778 0.896908
