1 0.371615 0.0125 0.0151042 0.025 0.766145
1 0.346615 0.178704 0.0244792 0.0685185 0.797435
1 0.77526 0.504167 0.0171875 0.0675926 0.840406
1 0.346875 0.205556 0.0291667 0.0592593 0.845305
1 0.572656 0.316667 0.0161458 0.0703704 0.85709
1 0.565365 0.542593 0.0223958 0.0814815 0.862521
1 0.645833 0.174537 0.0208333 0.0694444 0.863158
1 0.711979 0.269444 0.0229167 0.0759259 0.866005
1 0.786198 0.79213 0.0328125 0.0731481 0.868909
1 0.634635 0.0666667 0.0151042 0.0574074 0.869951
1 0.338802 0.259722 0.0234375 0.075 0.892121
1 0.408594 0.622685 0.0265625 0.0805556 0.892609
1 0.308333 0.518056 0.0229167 0.0787037 0.901943
1 0.301823 0.1625 0.0317708 0.0657407 0.912086
