0 0.527083 0.456019 0.00625 0.0101852 0.520518
1 0.00416667 0.575 0.00833333 0.0777778 0.629067
1 0.0125 0.690741 0.021875 0.0814815 0.704977
1 0.995052 0.235185 0.00989583 0.0759259 0.760661
1 0.433594 0.294907 0.0182292 0.0712963 0.825367
1 0.378646 0.0222222 0.0166667 0.0444444 0.825564
2 0.301823 0.476852 0.0140625 0.0685185 0.832405
1 0.309115 0.25 0.0161458 0.0685185 0.834207
1 0.765625 0.287963 0.0197917 0.0611111 0.853132
1 0.866927 0.494444 0.0171875 0.0759259 0.857078
1 0.775521 0.816204 0.0166667 0.0805556 0.862878
1 0.226302 0.395833 0.0151042 0.0712963 0.86296
1 0.0979167 0.370833 0.0177083 0.0638889 0.869912
1 0.122917 0.0768519 0.0166667 0.0611111 0.869933
1 0.397656 0.185185 0.0151042 0.0666667 0.875882
1 0.0278646 0.352315 0.0182292 0.0768519 0.883581
1 0.490104 0.478241 0.0177083 0.0787037 0.883974
1 0.686198 0.206481 0.0182292 0.0703704 0.892239
1 0.502083 0.652778 0.0197917 0.0833333 0.893302
1 0.0731771 0.214815 0.0171875 0.0722222 0.905614
