0 0.532292 0.44537 0.00625 0.0111111 0.607615
2 0.269271 0.500926 0.015625 0.0648148 0.759192
1 0.75 0.299074 0.028125 0.0611111 0.797912
1 0.0611979 0.385185 0.0182292 0.0537037 0.799988
1 0.349479 0.037037 0.0166667 0.0518519 0.843122
1 0.96224 0.252778 0.0192708 0.0703704 0.848178
1 0.283854 0.268056 0.0197917 0.0694444 0.856462
1 0.0953125 0.0907407 0.0135417 0.062963 0.856794
1 0.830729 0.508333 0.01875 0.0759259 0.864072
1 0.36875 0.196759 0.0145833 0.0657407 0.871329
1 0.645052 0.223148 0.0161458 0.0685185 0.872657
1 0.186198 0.41713 0.0234375 0.0731481 0.873745
1 0.754167 0.833796 0.0239583 0.0842593 0.874545
1 0.414583 0.316667 0.021875 0.0685185 0.88424
1 0.459896 0.511111 0.0177083 0.0833333 0.893629
1 0.0421875 0.226852 0.0166667 0.0685185 0.896549
1 0.467448 0.675926 0.0192708 0.0814815 0.897752
