0 0.556771 0.575926 0.00625 0.0111111 0.517907
1 0.36224 0.0125 0.0161458 0.025 0.633893
1 0.355208 0.180093 0.025 0.0657407 0.743741
1 0.360677 0.212037 0.0244792 0.0537037 0.784016
1 0.994271 0.168981 0.0114583 0.075 0.818396
1 0.802083 0.781018 0.0260417 0.0731481 0.818426
1 0.767448 0.500463 0.0192708 0.0712963 0.822595
1 0.301823 0.500926 0.0161458 0.0814815 0.823732
1 0.547917 0.555093 0.021875 0.0787037 0.853352
1 0.626562 0.0597222 0.0135417 0.0638889 0.861192
1 0.645573 0.16713 0.0171875 0.0638889 0.867677
1 0.379687 0.614352 0.0177083 0.0842593 0.875162
1 0.698438 0.271296 0.0239583 0.0740741 0.887842
1 0.565104 0.310648 0.015625 0.0675926 0.895914
1 0.339583 0.259722 0.015625 0.0787037 0.903187
1 0.303646 0.1625 0.0197917 0.0657407 0.907315
