0 0.577865 0.505093 0.00677083 0.012037 0.330729
1 0.58776 0.490741 0.0203125 0.062963 0.697871
1 0.351042 0.300926 0.0270833 0.0666667 0.731705
1 0.555469 0.668056 0.0213542 0.0824074 0.832949
1 0.630208 0.410185 0.0197917 0.0685185 0.837802
1 0.792708 0.666667 0.0260417 0.0796296 0.841318
1 0.847396 0.375926 0.015625 0.0648148 0.843361
1 0.36875 0.32963 0.0291667 0.0777778 0.855229
1 0.277604 0.280093 0.0260417 0.0527778 0.871102
1 0.653646 0.144907 0.0135417 0.0675926 0.872516
1 0.370833 0.25787 0.0260417 0.0694444 0.878074
1 0.663281 0.2375 0.0276042 0.062037 0.880058
1 0.521875 0.0578704 0.0260417 0.0564815 0.884688
1 0.289583 0.62037 0.0229167 0.0814815 0.892841
1 0.676562 0.953704 0.0385417 0.0759259 0.893268
1 0.432813 0.0796296 0.0166667 0.0666667 0.895521
