0 0.538542 0.451389 0.00625 0.012037 0.48671
1 0.427083 0.0138889 0.0145833 0.0277778 0.5493
2 0.364844 0.440741 0.0140625 0.0666667 0.620617
1 0.106771 0.688426 0.0197917 0.0842593 0.720261
1 0.796875 0.833796 0.021875 0.0601852 0.818682
1 0.551823 0.431481 0.0192708 0.0722222 0.818819
1 0.174219 0.35463 0.0151042 0.0685185 0.819583
1 0.0630208 0.579167 0.01875 0.0787037 0.850644
1 0.308333 0.373611 0.015625 0.0694444 0.865035
1 0.939323 0.498611 0.0171875 0.0787037 0.869174
1 0.783333 0.20463 0.0197917 0.0703704 0.870237
1 0.798698 0.287963 0.0192708 0.0685185 0.871679
1 0.172917 0.0671296 0.015625 0.0638889 0.880088
1 0.130469 0.2125 0.0161458 0.0712963 0.880291
1 0.4625 0.27037 0.0135417 0.0722222 0.887922
1 0.321094 0.231019 0.0234375 0.0638889 0.889479
1 0.0976562 0.354167 0.0151042 0.0712963 0.889968
1 0.565885 0.6125 0.0182292 0.0805556 0.896384
1 0.445573 0.170833 0.0151042 0.0657407 0.896885
1 0.0364583 0.698148 0.0229167 0.0833333 0.91054
