2 0.517969 0.404167 0.0203125 0.0601852 0.295115
0 0.540104 0.547685 0.00625 0.012037 0.536704
1 0.645573 0.324074 0.0182292 0.0648148 0.827902
1 0.510938 0.355093 0.0208333 0.0583333 0.830313
1 0.329688 0.209722 0.0239583 0.0638889 0.833855
1 0.940625 0.233333 0.0125 0.0759259 0.843517
1 0.238802 0.549074 0.0192708 0.0851852 0.845589
1 0.257812 0.193981 0.0177083 0.0694444 0.856492
1 0.285937 0.668519 0.0208333 0.087037 0.860946
1 0.317187 0.0310185 0.0166667 0.062037 0.861729
1 0.586458 0.203241 0.0197917 0.0675926 0.865116
1 0.576563 0.101852 0.0135417 0.0555556 0.865861
1 0.713802 0.5375 0.0161458 0.0824074 0.866102
1 0.329167 0.268981 0.0291667 0.0601852 0.866203
1 0.295833 0.3125 0.0166667 0.0787037 0.883477
1 0.453385 0.640278 0.0203125 0.0768519 0.8842
1 0.792448 0.827315 0.0317708 0.0712963 0.891108
