0 0.576823 0.508796 0.00572917 0.0101852 0.474424
1 0.657552 0.964352 0.0338542 0.0657407 0.649463
1 0.642708 0.422222 0.021875 0.062963 0.794323
1 0.589323 0.47963 0.0223958 0.062963 0.801573
1 0.867448 0.4 0.0182292 0.0703704 0.830856
1 0.307292 0.303704 0.0260417 0.0555556 0.860162
1 0.659635 0.244444 0.0265625 0.0611111 0.861743
1 0.524479 0.0717593 0.01875 0.0601852 0.86516
1 0.359635 0.318056 0.0244792 0.0694444 0.868371
1 0.389062 0.333796 0.01875 0.0731481 0.873473
1 0.793229 0.680093 0.0229167 0.0842593 0.883575
1 0.386458 0.259722 0.01875 0.0694444 0.885895
1 0.464063 0.0939815 0.015625 0.0657407 0.888056
1 0.292188 0.618519 0.0239583 0.0814815 0.892481
1 0.660156 0.149537 0.0244792 0.0638889 0.896047
1 0.572917 0.681019 0.0229167 0.0805556 0.898043
