1 0.369531 0.0171296 0.0140625 0.0342593 0.7168
1 0.326042 0.216204 0.0239583 0.0638889 0.800863
1 0.322656 0.184722 0.0255208 0.0638889 0.821522
1 0.423177 0.634722 0.0182292 0.0842593 0.862048
1 0.570052 0.531944 0.0234375 0.0768519 0.867057
1 0.772135 0.527315 0.0234375 0.0731481 0.870554
1 0.634375 0.174537 0.01875 0.0712963 0.879057
1 0.633073 0.0861111 0.0140625 0.0666667 0.885274
1 0.758073 0.816204 0.0338542 0.0694444 0.88583
1 0.722917 0.280556 0.0177083 0.0759259 0.889696
1 0.284635 0.177778 0.0182292 0.0666667 0.897909
1 0.328385 0.26713 0.0192708 0.075 0.904239
1 0.572917 0.330556 0.0197917 0.0685185 0.913323
1 0.298438 0.537037 0.025 0.0777778 0.917175
