0 0.508333 0.507407 0.00625 0.0111111 0.407087
1 0.995573 0.534722 0.00885417 0.0731481 0.599392
1 0.738802 0.908333 0.0213542 0.0685185 0.610856
1 0.278646 0.759722 0.0239583 0.0712963 0.77318
1 0.553646 0.417593 0.01875 0.0666667 0.777183
1 0.119271 0.621759 0.015625 0.0805556 0.789746
1 0.613281 0.611574 0.0171875 0.0824074 0.831526
1 0.925 0.243519 0.021875 0.0685185 0.847154
1 0.435417 0.0310185 0.0177083 0.0546296 0.852616
1 0.25651 0.273148 0.0328125 0.0648148 0.859917
1 0.195833 0.396296 0.0166667 0.0796296 0.859988
1 0.257812 0.363889 0.0291667 0.062963 0.873294
1 0.847656 0.326852 0.0171875 0.0722222 0.874649
1 0.488802 0.285648 0.0244792 0.0694444 0.874716
1 0.402083 0.434722 0.0208333 0.0657407 0.883397
1 0.129688 0.773148 0.0229167 0.0851852 0.890206
1 0.484896 0.171296 0.0197917 0.0574074 0.893209
1 0.223698 0.0930556 0.0151042 0.0638889 0.898358
1 0.177865 0.265741 0.0244792 0.0703704 0.904572
