0 0.511198 0.5375 0.00677083 0.0101852 0.314429
1 0.34974 0.722685 0.0213542 0.0805556 0.723209
2 0.455729 0.456944 0.01875 0.0675926 0.756419
1 0.456771 0.0175926 0.01875 0.0351852 0.76614
1 0.281771 0.255093 0.021875 0.0694444 0.798944
1 0.880469 0.295833 0.0151042 0.0712963 0.841543
1 0.586979 0.381481 0.021875 0.0666667 0.84186
1 0.523958 0.255556 0.0177083 0.0703704 0.84322
1 0.189583 0.730093 0.0177083 0.0842593 0.848872
1 0.75599 0.882407 0.0338542 0.0722222 0.853168
1 0.519531 0.14537 0.0151042 0.0481481 0.856762
1 0.203906 0.243981 0.0192708 0.0712963 0.858612
1 0.238021 0.365278 0.0239583 0.075 0.864568
1 0.972135 0.216204 0.0151042 0.0712963 0.865369
1 0.164583 0.593518 0.0208333 0.0851852 0.872516
1 0.65026 0.586111 0.0171875 0.0851852 0.872635
1 0.259896 0.0675926 0.0145833 0.062963 0.887262
1 0.284115 0.331019 0.0286458 0.0638889 0.891688
1 0.44375 0.406481 0.0177083 0.0648148 0.892937
