0 0.569271 0.515741 0.00729167 0.0111111 0.427091
1 0.332812 0.25787 0.0177083 0.0675926 0.765551
1 0.529167 0.025 0.0135417 0.05 0.821544
1 0.323438 0.237963 0.025 0.0648148 0.823593
1 0.293229 0.255093 0.021875 0.0564815 0.836424
1 0.346354 0.303241 0.01875 0.0657407 0.836955
1 0.293229 0.609259 0.021875 0.087037 0.867673
1 0.520052 0.636574 0.0182292 0.0712963 0.869751
1 0.809896 0.333796 0.0177083 0.0731481 0.870754
1 0.64974 0.131481 0.0151042 0.062963 0.871764
1 0.396875 0.0472222 0.0166667 0.0648148 0.877942
1 0.614062 0.377315 0.021875 0.0712963 0.880258
1 0.715625 0.911111 0.0322917 0.0777778 0.881868
1 0.658594 0.211574 0.0192708 0.0638889 0.883805
1 0.791406 0.611574 0.0286458 0.0768519 0.901804
1 0.592708 0.514352 0.0260417 0.0731481 0.908397
