1 0.415104 0.0111111 0.0135417 0.0222222 0.51205
2 0.341406 0.441204 0.0140625 0.0657407 0.800954
1 0.0643229 0.667593 0.0171875 0.0777778 0.804402
1 0.00703125 0.680093 0.0140625 0.0842593 0.847547
1 0.327083 0.228704 0.0291667 0.0666667 0.849426
1 0.140885 0.352778 0.0182292 0.0648148 0.850708
1 0.79375 0.802778 0.0208333 0.0796296 0.855851
1 0.526563 0.447685 0.0229167 0.0824074 0.858455
1 0.0393229 0.575926 0.0182292 0.0833333 0.880621
1 0.153646 0.0634259 0.0166667 0.0657407 0.882822
1 0.733594 0.194907 0.0223958 0.0694444 0.884031
1 0.909375 0.480556 0.0177083 0.0759259 0.884396
1 0.451302 0.272685 0.0244792 0.0657407 0.887073
1 0.277344 0.370833 0.0244792 0.0712963 0.890943
1 0.109115 0.200926 0.0171875 0.0703704 0.89125
1 0.429948 0.167593 0.0171875 0.0666667 0.891795
1 0.785156 0.276852 0.0171875 0.0685185 0.891871
1 0.542708 0.624537 0.01875 0.0842593 0.893468
1 0.0736979 0.336574 0.0182292 0.0768519 0.905044
