0 0.532031 0.456481 0.00677083 0.0111111 0.437595
1 0.423438 0.0101852 0.0197917 0.0203704 0.697912
2 0.35599 0.4375 0.0130208 0.0657407 0.795819
1 0.157552 0.35 0.0140625 0.0648148 0.824805
1 0.794531 0.276852 0.0171875 0.0685185 0.832205
1 0.0882813 0.676389 0.0213542 0.0787037 0.838272
1 0.80026 0.813426 0.0192708 0.075 0.850753
1 0.927083 0.483333 0.0166667 0.0722222 0.856665
1 0.0565104 0.574074 0.0161458 0.0814815 0.861615
1 0.545573 0.440278 0.0244792 0.0787037 0.862748
1 0.558854 0.61713 0.01875 0.0861111 0.871144
1 0.759896 0.191667 0.0145833 0.0722222 0.875564
1 0.463802 0.269444 0.0234375 0.0666667 0.881561
1 0.330208 0.227315 0.0302083 0.0638889 0.884695
1 0.123177 0.201852 0.0161458 0.0722222 0.887278
1 0.295573 0.366667 0.0223958 0.0722222 0.888434
1 0.441667 0.16713 0.0177083 0.0675926 0.888966
1 0.0914062 0.338426 0.0171875 0.075 0.891785
1 0.166667 0.062963 0.0177083 0.0648148 0.892251
1 0.0252604 0.682407 0.0203125 0.0814815 0.910505
