2 0.378646 0.462037 0.0177083 0.0666667 0.728764
1 0.550521 0.425 0.015625 0.0703704 0.806269
1 0.426042 0.0208333 0.0145833 0.0416667 0.823073
1 0.772917 0.868981 0.0208333 0.075 0.841397
1 0.129688 0.388426 0.015625 0.0824074 0.843286
1 0.0578125 0.742593 0.0166667 0.0907407 0.847155
1 0.964063 0.521296 0.015625 0.0777778 0.851555
1 0.464063 0.283796 0.025 0.0675926 0.864128
1 0.149219 0.239352 0.0151042 0.0712963 0.86713
1 0.811979 0.306481 0.0145833 0.0703704 0.86845
1 0.0804688 0.601852 0.0203125 0.0796296 0.870605
1 0.291146 0.246296 0.028125 0.0648148 0.879284
1 0.830208 0.22037 0.01875 0.0703704 0.87985
1 0.221615 0.367593 0.0192708 0.062963 0.880458
1 0.185417 0.0833333 0.0145833 0.0611111 0.885343
1 0.154687 0.725926 0.021875 0.0833333 0.889246
1 0.33151 0.406481 0.0171875 0.0740741 0.891532
1 0.45625 0.174537 0.0197917 0.0694444 0.898295
1 0.578125 0.597222 0.01875 0.0759259 0.899313
