2 0.385417 0.465278 0.0177083 0.0657407 0.584399
1 0.13724 0.390278 0.0151042 0.0824074 0.79643
1 0.429167 0.0222222 0.0177083 0.0444444 0.799851
1 0.153646 0.241204 0.0135417 0.0731481 0.842713
1 0.553906 0.419907 0.0203125 0.0731481 0.84923
1 0.816927 0.307407 0.0151042 0.0703704 0.849395
1 0.580469 0.598148 0.0203125 0.0666667 0.851286
1 0.0658854 0.749074 0.0182292 0.0907407 0.858475
1 0.165885 0.729167 0.0203125 0.0824074 0.863283
1 0.773438 0.873148 0.0322917 0.0703704 0.873672
1 0.0861979 0.604167 0.0171875 0.0805556 0.874954
1 0.231771 0.371296 0.021875 0.0574074 0.875317
1 0.339323 0.405556 0.0171875 0.0740741 0.87952
1 0.190365 0.0847222 0.0151042 0.062037 0.88422
1 0.971354 0.524074 0.0166667 0.0759259 0.884957
1 0.289062 0.246759 0.0260417 0.0675926 0.885508
1 0.467448 0.284259 0.0244792 0.0666667 0.889242
1 0.841406 0.222222 0.0171875 0.0703704 0.898137
1 0.461458 0.174074 0.0197917 0.0703704 0.902687
