1 0.309375 0.215741 0.0177083 0.0555556 0.750874
1 0.308333 0.193056 0.0197917 0.0675926 0.757485
1 0.366927 0.0226852 0.0161458 0.0453704 0.784193
1 0.734635 0.835648 0.0223958 0.0731481 0.812201
1 0.631771 0.177315 0.0239583 0.0675926 0.813988
1 0.564323 0.526852 0.0401042 0.0666667 0.846248
1 0.628906 0.0967593 0.0140625 0.0583333 0.851427
1 0.73125 0.296296 0.0260417 0.0740741 0.879139
1 0.273438 0.187963 0.0177083 0.0685185 0.881356
1 0.765365 0.543981 0.0203125 0.0675926 0.884876
1 0.434635 0.636111 0.0244792 0.087037 0.892816
1 0.31849 0.272685 0.0161458 0.0787037 0.897222
1 0.572135 0.337963 0.0182292 0.0685185 0.899198
1 0.291406 0.5625 0.0255208 0.0824074 0.906781
