0 0.532812 0.44537 0.00625 0.0111111 0.507767
2 0.265625 0.502315 0.015625 0.0657407 0.768529
1 0.0570313 0.387963 0.0192708 0.0555556 0.792388
1 0.346615 0.0398148 0.0161458 0.0518519 0.85713
1 0.0927083 0.0921296 0.0145833 0.062037 0.860946
1 0.827083 0.508796 0.01875 0.075 0.863461
1 0.457031 0.514352 0.0182292 0.0842593 0.863547
1 0.747917 0.3 0.0270833 0.0592593 0.864985
1 0.958854 0.255093 0.0208333 0.0694444 0.866723
1 0.280729 0.269444 0.0197917 0.0703704 0.873055
1 0.182292 0.419444 0.021875 0.0740741 0.876377
1 0.0388021 0.229167 0.0161458 0.0675926 0.879423
1 0.751823 0.835185 0.0244792 0.0851852 0.88221
1 0.640885 0.224537 0.0161458 0.0694444 0.883492
1 0.41276 0.318519 0.0223958 0.0666667 0.885835
1 0.365885 0.198148 0.0140625 0.0648148 0.888792
1 0.464063 0.678241 0.0197917 0.0824074 0.897794
