1 0.370052 0.0152778 0.0151042 0.0305556 0.713341
1 0.330469 0.216204 0.0213542 0.0657407 0.722017
1 0.569531 0.534722 0.0171875 0.0824074 0.799637
1 0.326302 0.18287 0.0265625 0.0638889 0.808203
1 0.761458 0.811111 0.03125 0.0666667 0.809304
1 0.420833 0.63287 0.01875 0.0842593 0.84097
1 0.773177 0.522685 0.0213542 0.0694444 0.868724
1 0.635417 0.174537 0.0166667 0.0694444 0.870166
1 0.721875 0.277315 0.01875 0.0768519 0.881287
1 0.633073 0.0819444 0.0140625 0.0657407 0.884821
1 0.332552 0.26713 0.0234375 0.075 0.88677
1 0.286458 0.175 0.0177083 0.0666667 0.889247
1 0.302083 0.534722 0.0291667 0.0768519 0.901553
1 0.572656 0.328241 0.0192708 0.0675926 0.910298
