0 0.576823 0.506481 0.00572917 0.0111111 0.412043
1 0.588021 0.489352 0.0166667 0.062037 0.605258
1 0.347656 0.29537 0.0213542 0.0666667 0.806865
1 0.276823 0.274074 0.0286458 0.0592593 0.844621
1 0.372135 0.327778 0.0223958 0.0759259 0.848981
1 0.842708 0.371296 0.0177083 0.0685185 0.853554
1 0.664583 0.234722 0.021875 0.0638889 0.8538
1 0.523698 0.0527778 0.0203125 0.0555556 0.863837
1 0.654688 0.144444 0.0166667 0.0648148 0.870965
1 0.629427 0.406019 0.0182292 0.0731481 0.880591
1 0.366406 0.256019 0.0255208 0.0694444 0.881701
1 0.553125 0.663426 0.0208333 0.0787037 0.883983
1 0.79349 0.660185 0.0317708 0.0814815 0.886765
1 0.295052 0.618519 0.0296875 0.0814815 0.894642
1 0.682813 0.946759 0.034375 0.0712963 0.896598
1 0.427344 0.075 0.0182292 0.0648148 0.900644
