1 0.56901 0.610648 0.0203125 0.087963 0.702755
2 0.369792 0.453704 0.0135417 0.0666667 0.759768
1 0.783854 0.850926 0.0229167 0.0685185 0.793997
1 0.423698 0.0175926 0.0171875 0.0351852 0.801465
1 0.303646 0.238426 0.0270833 0.0583333 0.827142
1 0.191146 0.360648 0.0166667 0.0657407 0.829483
1 0.544792 0.431019 0.03125 0.0712963 0.832897
1 0.175521 0.0768519 0.0145833 0.0648148 0.849075
1 0.123438 0.699074 0.0177083 0.0833333 0.855044
1 0.109635 0.368519 0.0161458 0.0851852 0.857179
1 0.946354 0.508796 0.015625 0.0731481 0.858627
1 0.0434896 0.714815 0.0171875 0.0722222 0.858668
1 0.455208 0.278704 0.021875 0.0666667 0.881807
1 0.803125 0.298148 0.0208333 0.0722222 0.8831
1 0.315885 0.388889 0.0171875 0.0703704 0.886123
1 0.0666667 0.591204 0.0229167 0.0805556 0.889958
1 0.797656 0.215741 0.0244792 0.0703704 0.895973
1 0.446615 0.174537 0.0171875 0.0657407 0.897935
1 0.136719 0.226852 0.0182292 0.0759259 0.90113
