2 0.395573 0.471296 0.0182292 0.062963 0.449158
0 0.538542 0.446296 0.00729167 0.0111111 0.466296
1 0.243229 0.375463 0.021875 0.0472222 0.75012
1 0.0945313 0.610648 0.0151042 0.0861111 0.78089
1 0.55625 0.420833 0.0197917 0.0731481 0.816837
1 0.433333 0.0236111 0.015625 0.0472222 0.822687
1 0.148698 0.388426 0.0161458 0.075 0.836356
1 0.160156 0.247222 0.0140625 0.0777778 0.843752
1 0.0765625 0.756944 0.0177083 0.087963 0.854809
1 0.823698 0.312037 0.0192708 0.0703704 0.863932
1 0.184635 0.73287 0.0203125 0.0731481 0.867983
1 0.350521 0.4125 0.0166667 0.0768519 0.868002
1 0.588281 0.599537 0.0265625 0.0694444 0.869569
1 0.773698 0.878241 0.0276042 0.075 0.878672
1 0.2875 0.247222 0.0302083 0.062963 0.878914
1 0.98125 0.526389 0.0208333 0.075 0.883077
1 0.470833 0.284722 0.0197917 0.0694444 0.885361
1 0.857552 0.226389 0.0171875 0.0731481 0.887169
1 0.469531 0.171296 0.0192708 0.0666667 0.890358
1 0.198437 0.0865741 0.0177083 0.062037 0.903346
