0 0.575781 0.506944 0.00572917 0.012037 0.30117
1 0.630729 0.4 0.0229167 0.0703704 0.795218
1 0.523958 0.049537 0.0135417 0.0546296 0.825015
1 0.280208 0.267593 0.0302083 0.062963 0.827708
1 0.590104 0.496296 0.021875 0.0648148 0.834583
1 0.685938 0.940741 0.028125 0.0703704 0.849084
1 0.370052 0.326389 0.0255208 0.075 0.858706
1 0.347917 0.2875 0.0208333 0.062037 0.862014
1 0.55 0.657407 0.0208333 0.0759259 0.862912
1 0.794271 0.650926 0.025 0.0777778 0.87051
1 0.665365 0.231481 0.0192708 0.0648148 0.870998
1 0.363021 0.252315 0.0208333 0.0675926 0.876194
1 0.654427 0.143519 0.0234375 0.062963 0.891788
1 0.839323 0.365278 0.0203125 0.0731481 0.89184
1 0.421094 0.0717593 0.0171875 0.0657407 0.89282
1 0.297135 0.616667 0.0380208 0.0814815 0.898895
