2 0.616146 0.397222 0.015625 0.0666667 0.266339
1 0.299219 0.221296 0.0213542 0.062963 0.41599
1 0.315365 0.234722 0.0234375 0.0694444 0.629818
0 0.565365 0.522222 0.00677083 0.0111111 0.643283
1 0.529427 0.0175926 0.0213542 0.0351852 0.808632
1 0.298958 0.241667 0.025 0.0574074 0.82491
1 0.782292 0.593518 0.01875 0.0722222 0.85101
1 0.586198 0.52037 0.0265625 0.0722222 0.856412
1 0.644271 0.124537 0.0177083 0.062037 0.858822
1 0.784896 0.320833 0.0166667 0.075 0.86618
1 0.495833 0.627778 0.0177083 0.0814815 0.875692
1 0.292448 0.599074 0.0276042 0.0833333 0.888118
1 0.721094 0.891204 0.0276042 0.0731481 0.892307
1 0.647917 0.198148 0.0229167 0.0648148 0.892747
1 0.385677 0.0407407 0.0203125 0.0648148 0.895993
1 0.330208 0.294444 0.021875 0.0777778 0.896857
1 0.596875 0.364815 0.01875 0.0703704 0.899577
