1 0.344792 0.18287 0.028125 0.0768519 0.687023
1 0.371875 0.0134259 0.0135417 0.0268519 0.72623
1 0.565885 0.54213 0.0203125 0.0842593 0.818656
1 0.299479 0.165741 0.0291667 0.0685185 0.822804
1 0.78099 0.798611 0.0276042 0.0768519 0.830697
1 0.30599 0.521296 0.0223958 0.0777778 0.836501
1 0.775 0.506944 0.0166667 0.0675926 0.845069
1 0.714063 0.27037 0.0229167 0.0777778 0.861255
1 0.634635 0.0685185 0.0140625 0.0574074 0.876237
1 0.64401 0.174537 0.0244792 0.0694444 0.881667
1 0.572917 0.318981 0.015625 0.0712963 0.888564
1 0.336719 0.262037 0.0255208 0.0722222 0.896448
1 0.410156 0.623148 0.0265625 0.0814815 0.899718
