0 0.53125 0.446759 0.00625 0.0101852 0.322404
3 0.289583 0.264815 0.01875 0.0703704 0.497738
1 0.289583 0.264352 0.01875 0.0694444 0.569835
2 0.275781 0.495833 0.0151042 0.0657407 0.792367
1 0.355208 0.0333333 0.015625 0.05 0.823482
1 0.969531 0.248611 0.0192708 0.0694444 0.843321
1 0.101042 0.0884259 0.0145833 0.0638889 0.848975
1 0.0690104 0.38287 0.0161458 0.0546296 0.851942
1 0.418229 0.313426 0.0197917 0.0675926 0.865563
1 0.753385 0.297685 0.0265625 0.0638889 0.866691
1 0.8375 0.506481 0.01875 0.0759259 0.872003
1 0.374479 0.194444 0.0145833 0.0666667 0.872415
1 0.464844 0.50463 0.0171875 0.0833333 0.880634
1 0.19375 0.413426 0.0239583 0.0731481 0.881138
1 0.652865 0.219907 0.0161458 0.0694444 0.88378
1 0.759896 0.831019 0.0239583 0.0824074 0.887555
1 0.474479 0.671759 0.01875 0.0824074 0.894831
1 0.0481771 0.223148 0.0171875 0.0666667 0.89756
