1 0.425781 0.0143519 0.0151042 0.0287037 0.434904
0 0.539583 0.451389 0.00625 0.012037 0.466174
1 0.79974 0.289815 0.0182292 0.0666667 0.771822
1 0.54974 0.429167 0.0192708 0.0694444 0.799247
2 0.366146 0.444444 0.0145833 0.0666667 0.815557
1 0.319792 0.233796 0.028125 0.0638889 0.838074
1 0.795573 0.837037 0.0276042 0.0611111 0.853802
1 0.941927 0.500926 0.0182292 0.0796296 0.854666
1 0.788281 0.208333 0.0223958 0.0722222 0.864698
1 0.461979 0.272222 0.0145833 0.0722222 0.870182
1 0.10026 0.357407 0.0192708 0.0685185 0.872235
1 0.111198 0.692593 0.0192708 0.0851852 0.874449
1 0.179167 0.355556 0.01875 0.0666667 0.874855
1 0.0648438 0.581944 0.0213542 0.0787037 0.879239
1 0.309896 0.378704 0.015625 0.0722222 0.880769
1 0.173958 0.0699074 0.0145833 0.0638889 0.882403
1 0.446094 0.172222 0.0161458 0.0666667 0.885079
1 0.0380208 0.701852 0.0208333 0.0796296 0.885279
1 0.566927 0.611111 0.0203125 0.0833333 0.888379
1 0.132292 0.214815 0.0166667 0.0703704 0.891975
