0 0.563802 0.526852 0.0078125 0.012963 0.489204
1 0.37474 0.0328704 0.0182292 0.0638889 0.661116
1 0.524479 0.0125 0.0104167 0.025 0.701367
1 0.774219 0.577778 0.0223958 0.0777778 0.757772
1 0.297917 0.238889 0.015625 0.0444444 0.793666
1 0.308073 0.218981 0.0192708 0.0638889 0.823275
1 0.6375 0.190278 0.01875 0.062037 0.82666
1 0.579167 0.519907 0.0291667 0.0657407 0.845236
1 0.761198 0.310185 0.0213542 0.0722222 0.854797
1 0.63724 0.116204 0.0171875 0.0601852 0.864258
1 0.586198 0.355556 0.0171875 0.0722222 0.869996
1 0.289583 0.587037 0.0239583 0.0833333 0.877875
1 0.320573 0.288426 0.0203125 0.0731481 0.878889
1 0.71849 0.873148 0.0265625 0.0759259 0.887672
1 0.471875 0.628241 0.0197917 0.0805556 0.888277
1 0.278906 0.210648 0.0203125 0.0601852 0.903225
