0 0.515625 0.539815 0.00625 0.0111111 0.470691
2 0.464844 0.449537 0.0182292 0.0657407 0.590602
1 0.464323 0.0143519 0.0171875 0.0287037 0.715332
1 0.595573 0.372222 0.0223958 0.0685185 0.793947
1 0.982031 0.210648 0.0140625 0.075 0.807848
1 0.534375 0.249537 0.0177083 0.0694444 0.836771
1 0.288021 0.248148 0.0197917 0.0666667 0.844651
1 0.889844 0.287963 0.0151042 0.0740741 0.844889
1 0.764583 0.874537 0.0375 0.0694444 0.849735
1 0.204167 0.721296 0.0177083 0.0851852 0.852437
1 0.454948 0.399074 0.0171875 0.0611111 0.858832
1 0.527344 0.138889 0.0140625 0.0481481 0.860907
1 0.175 0.586574 0.0197917 0.0842593 0.862902
1 0.364323 0.710648 0.0223958 0.0824074 0.866037
1 0.292188 0.322685 0.0291667 0.0638889 0.868324
1 0.211198 0.2375 0.0223958 0.0712963 0.870206
1 0.659375 0.582407 0.0177083 0.0851852 0.875587
1 0.268229 0.0611111 0.0145833 0.0648148 0.888988
1 0.246875 0.35787 0.0229167 0.0731481 0.9078
