2 0.52474 0.397222 0.0203125 0.062963 0.32345
0 0.542969 0.550463 0.00677083 0.012037 0.593106
1 0.322656 0.0277778 0.0151042 0.0555556 0.822936
1 0.333594 0.205556 0.0244792 0.0611111 0.832042
1 0.264323 0.189352 0.0161458 0.0712963 0.843831
1 0.947396 0.224537 0.0125 0.075 0.846007
1 0.652083 0.31713 0.01875 0.0601852 0.851824
1 0.592969 0.197685 0.0223958 0.0657407 0.858501
1 0.517187 0.35 0.01875 0.0611111 0.860714
1 0.333854 0.2625 0.03125 0.0583333 0.865655
1 0.583073 0.0958333 0.0140625 0.0564815 0.873157
1 0.720573 0.530556 0.0151042 0.0796296 0.87593
1 0.246875 0.544444 0.0197917 0.087037 0.877468
1 0.796615 0.822222 0.0369792 0.0740741 0.87849
1 0.297656 0.6625 0.0203125 0.0861111 0.879031
1 0.301562 0.308333 0.0177083 0.0777778 0.885693
1 0.465885 0.632407 0.0213542 0.0814815 0.889381
