0 0.567187 0.518981 0.00625 0.0101852 0.538979
1 0.323958 0.244444 0.0208333 0.0703704 0.732191
1 0.716406 0.899074 0.0213542 0.0703704 0.767755
1 0.50599 0.631944 0.0182292 0.0712963 0.788109
1 0.529688 0.0222222 0.0229167 0.0444444 0.790449
1 0.58724 0.513426 0.0203125 0.0657407 0.803672
1 0.309896 0.22963 0.01875 0.0648148 0.806063
1 0.298177 0.249537 0.0223958 0.0564815 0.819825
1 0.788281 0.598148 0.0244792 0.0722222 0.847231
1 0.292448 0.601389 0.0171875 0.0805556 0.85381
1 0.795573 0.327778 0.0171875 0.0759259 0.86313
1 0.652604 0.203241 0.0239583 0.0657407 0.877444
1 0.33776 0.297685 0.0203125 0.075 0.882145
1 0.646354 0.126852 0.0208333 0.0648148 0.88722
1 0.391406 0.0435185 0.0203125 0.0648148 0.887344
1 0.603385 0.370833 0.0213542 0.0712963 0.905514
