0 0.576302 0.506944 0.00677083 0.012037 0.514507
2 0.694792 0.437037 0.0135417 0.062963 0.587925
1 0.855729 0.387963 0.0166667 0.0685185 0.765465
1 0.520312 0.0657407 0.0135417 0.0574074 0.806477
1 0.589844 0.487037 0.0255208 0.0648148 0.818268
1 0.352865 0.308333 0.0255208 0.0648148 0.821852
1 0.290104 0.29537 0.025 0.0574074 0.853743
1 0.791406 0.675463 0.0213542 0.0842593 0.859394
1 0.563802 0.675 0.0192708 0.0796296 0.859662
1 0.380208 0.333796 0.0177083 0.0731481 0.867065
1 0.658854 0.243056 0.0239583 0.0638889 0.867371
1 0.288021 0.619907 0.021875 0.0842593 0.870439
1 0.660677 0.9625 0.0338542 0.0712963 0.882384
1 0.634115 0.416667 0.0276042 0.0703704 0.88314
1 0.652083 0.148611 0.01875 0.0638889 0.884338
1 0.447656 0.087037 0.0151042 0.062963 0.887049
1 0.378906 0.261111 0.0234375 0.0703704 0.895925
