0 0.564062 0.524074 0.00729167 0.0111111 0.614738
1 0.526042 0.0134259 0.0145833 0.0268519 0.644012
1 0.297656 0.238426 0.0182292 0.0435185 0.667406
1 0.309635 0.225 0.0223958 0.0685185 0.793093
1 0.582292 0.521296 0.028125 0.0722222 0.813959
1 0.640885 0.191667 0.0203125 0.062963 0.84675
1 0.284115 0.217593 0.0203125 0.0666667 0.851806
1 0.717188 0.875926 0.025 0.0740741 0.856746
1 0.588802 0.358333 0.0161458 0.0703704 0.861821
1 0.767708 0.313426 0.0177083 0.0731481 0.868813
1 0.638281 0.119444 0.0161458 0.0592593 0.873148
1 0.377344 0.0356481 0.0203125 0.0638889 0.873359
1 0.777083 0.582407 0.0208333 0.0777778 0.87788
1 0.289062 0.591204 0.0229167 0.0842593 0.88496
1 0.477604 0.630093 0.01875 0.0861111 0.890631
1 0.321875 0.288889 0.0208333 0.0740741 0.903012
