2 0.583073 0.36713 0.0161458 0.062037 0.425807
1 0.632292 0.175463 0.025 0.0675926 0.732297
1 0.315365 0.213889 0.0286458 0.0611111 0.760342
1 0.367188 0.0208333 0.0145833 0.0416667 0.784439
1 0.738802 0.831944 0.0223958 0.0768519 0.815351
1 0.629948 0.0944444 0.0119792 0.0592593 0.832537
1 0.564844 0.526852 0.0401042 0.0648148 0.842838
1 0.431771 0.635648 0.021875 0.0842593 0.870728
1 0.767187 0.540741 0.0208333 0.0703704 0.881402
1 0.320573 0.270833 0.0161458 0.0787037 0.888353
1 0.728906 0.29213 0.0223958 0.0731481 0.889759
1 0.276823 0.185648 0.0192708 0.0675926 0.896518
1 0.572656 0.334722 0.0182292 0.0675926 0.901137
1 0.292708 0.559259 0.0260417 0.0851852 0.911868
