0 0.541927 0.444444 0.00677083 0.0111111 0.262735
2 0.416927 0.491667 0.0161458 0.0685185 0.288126
1 0.238802 0.752778 0.0276042 0.0462963 0.714414
1 0.550781 0.424074 0.0234375 0.0666667 0.769293
1 0.763021 0.900463 0.0229167 0.0768519 0.784831
1 0.992188 0.531018 0.015625 0.0731481 0.823978
1 0.272135 0.263426 0.0203125 0.0564815 0.843821
1 0.179427 0.266667 0.0140625 0.0722222 0.846983
1 0.379687 0.421296 0.015625 0.0722222 0.847711
1 0.439063 0.0282407 0.0135417 0.0564815 0.860225
1 0.258073 0.372685 0.0265625 0.0546296 0.86314
1 0.841406 0.323148 0.0171875 0.0666667 0.868563
1 0.485677 0.288426 0.0161458 0.0694444 0.872614
1 0.114063 0.620833 0.0208333 0.0842593 0.879426
1 0.104427 0.768519 0.0234375 0.0833333 0.880331
1 0.182552 0.397222 0.0182292 0.0814815 0.880455
1 0.60625 0.608796 0.025 0.0787037 0.885898
1 0.902083 0.242593 0.021875 0.0722222 0.888287
1 0.484896 0.173148 0.0208333 0.062963 0.895543
1 0.216667 0.0921296 0.0208333 0.062037 0.910795
