1 0.370313 0.012037 0.0166667 0.0240741 0.702704
1 0.774219 0.499537 0.0171875 0.0712963 0.806615
1 0.561458 0.543981 0.0208333 0.0768519 0.823842
1 0.349219 0.208333 0.0286458 0.0574074 0.830792
1 0.353646 0.176389 0.03125 0.0657407 0.850811
1 0.402865 0.616667 0.0182292 0.0814815 0.851802
1 0.648958 0.172222 0.0166667 0.0685185 0.861239
1 0.571615 0.312963 0.0161458 0.0703704 0.865422
1 0.633333 0.0643518 0.0145833 0.0601852 0.867967
1 0.310156 0.509259 0.0213542 0.0759259 0.871176
1 0.794271 0.784259 0.028125 0.0703704 0.883464
1 0.341927 0.256019 0.0171875 0.0787037 0.885413
1 0.708594 0.268056 0.0234375 0.075 0.891196
1 0.304427 0.159259 0.0328125 0.0648148 0.913743
