1 0.0453125 0.677778 0.0197917 0.0759259 0.437947
1 0.401823 0.0143519 0.0182292 0.0287037 0.646894
1 0.786979 0.811111 0.0239583 0.0814815 0.731605
1 0.514063 0.456019 0.021875 0.0787037 0.790216
2 0.327865 0.455093 0.0140625 0.0675926 0.816716
1 0.127865 0.360185 0.0151042 0.0666667 0.831015
1 0.322396 0.236111 0.0291667 0.0648148 0.84051
1 0.142708 0.0675926 0.0166667 0.0648148 0.871778
1 0.260156 0.378704 0.0192708 0.0722222 0.876974
1 0.719531 0.201852 0.0223958 0.0703704 0.881048
1 0.895833 0.483333 0.0197917 0.0703704 0.883576
1 0.779427 0.280556 0.0213542 0.0703704 0.886669
1 0.44401 0.27963 0.0203125 0.0685185 0.887123
1 0.0580729 0.343056 0.0192708 0.0787037 0.890076
1 0.420573 0.173148 0.0171875 0.0648148 0.891792
1 0.0257812 0.580556 0.0182292 0.0759259 0.892633
1 0.0966146 0.20787 0.0171875 0.0731481 0.898352
1 0.528646 0.633796 0.01875 0.0805556 0.901013
