0 0.572917 0.511574 0.00625 0.0101852 0.524327
1 0.348698 0.247222 0.0182292 0.0796296 0.800263
1 0.346354 0.274074 0.01875 0.0740741 0.809621
1 0.284635 0.256481 0.0171875 0.0574074 0.837158
1 0.538281 0.644444 0.0192708 0.0759259 0.84295
1 0.592188 0.509259 0.0270833 0.0759259 0.846861
1 0.357292 0.314815 0.0229167 0.0759259 0.850607
1 0.664323 0.218981 0.0234375 0.062037 0.857119
1 0.827083 0.351389 0.0260417 0.0694444 0.857424
1 0.79401 0.631019 0.0223958 0.0712963 0.871989
1 0.62474 0.386574 0.0203125 0.0675926 0.872857
1 0.529167 0.0356481 0.0229167 0.0601852 0.883622
1 0.650521 0.135185 0.01875 0.0648148 0.88516
1 0.407292 0.0615741 0.0145833 0.0638889 0.893383
1 0.296875 0.616667 0.0197917 0.0851852 0.897407
1 0.703906 0.924074 0.0359375 0.0722222 0.903157
