0 0.5375 0.446296 0.00625 0.0111111 0.428567
2 0.392448 0.468519 0.0182292 0.0611111 0.648862
1 0.157552 0.244444 0.0130208 0.0759259 0.816589
1 0.432552 0.0231481 0.0171875 0.0462963 0.820897
1 0.240365 0.375926 0.0223958 0.05 0.836988
1 0.145052 0.3875 0.0161458 0.075 0.838932
1 0.0736979 0.755556 0.0192708 0.0907407 0.846378
1 0.0921875 0.608333 0.0166667 0.0851852 0.856859
1 0.288802 0.246759 0.0307292 0.0638889 0.860306
1 0.821615 0.311111 0.0171875 0.0703704 0.868921
1 0.555729 0.42037 0.021875 0.0740741 0.868993
1 0.469531 0.284722 0.0213542 0.0675926 0.873793
1 0.977604 0.525 0.0177083 0.0740741 0.874431
1 0.177604 0.731944 0.021875 0.0768519 0.881051
1 0.585156 0.6 0.0234375 0.0685185 0.889635
1 0.196354 0.0856481 0.0166667 0.062037 0.895727
1 0.77474 0.875 0.0317708 0.0722222 0.896422
1 0.852083 0.225 0.0177083 0.0722222 0.898196
1 0.347135 0.411111 0.0171875 0.0777778 0.900001
1 0.466927 0.172685 0.0192708 0.0675926 0.903218
