1 0.46901 0.499074 0.0182292 0.0833333 0.750669
1 0.976302 0.24537 0.0182292 0.0703704 0.81715
1 0.480729 0.667593 0.01875 0.0814815 0.823359
1 0.0760417 0.378704 0.0166667 0.0537037 0.835946
2 0.281771 0.491667 0.0145833 0.0666667 0.839984
1 0.00598958 0.361111 0.0119792 0.0722222 0.841027
1 0.294792 0.261111 0.01875 0.0685185 0.855669
1 0.360938 0.0300926 0.015625 0.0509259 0.865731
1 0.10599 0.0861111 0.0151042 0.0648148 0.866368
1 0.84401 0.50463 0.0182292 0.0777778 0.8674
1 0.200781 0.409722 0.0244792 0.0731481 0.874799
1 0.755729 0.29537 0.0239583 0.0648148 0.879989
1 0.660156 0.216667 0.0161458 0.0685185 0.881012
1 0.421875 0.309259 0.0177083 0.0685185 0.88331
1 0.764583 0.828704 0.0229167 0.0833333 0.884006
1 0.379687 0.192593 0.015625 0.0666667 0.894731
1 0.0541667 0.219907 0.0166667 0.0694444 0.8987
