0 0.541667 0.446296 0.00729167 0.0111111 0.328811
1 0.557292 0.42037 0.025 0.0666667 0.719586
1 0.0934896 0.763889 0.0171875 0.0777778 0.833584
1 0.173958 0.263426 0.0145833 0.0768519 0.849635
1 0.368229 0.418981 0.015625 0.0731481 0.855693
1 0.436979 0.0259259 0.0177083 0.0518519 0.858221
1 0.256771 0.375 0.0302083 0.0518519 0.864859
1 0.279427 0.255093 0.0276042 0.0527778 0.866784
1 0.216667 0.751389 0.0302083 0.0675926 0.867238
1 0.836979 0.319444 0.01875 0.0722222 0.8692
1 0.885677 0.236111 0.0192708 0.0722222 0.878547
1 0.108333 0.618519 0.0239583 0.087037 0.884089
1 0.479688 0.286574 0.0166667 0.0712963 0.88693
1 0.602344 0.599537 0.0182292 0.0768519 0.88722
1 0.76849 0.890741 0.0296875 0.0740741 0.888784
1 0.171615 0.393056 0.0182292 0.0787037 0.88939
1 0.479167 0.171296 0.0197917 0.062963 0.889476
1 0.991667 0.530556 0.015625 0.0759259 0.901041
1 0.209635 0.0907407 0.0234375 0.062963 0.907567
