0 0.548698 0.561111 0.00677083 0.0111111 0.298315
2 0.543229 0.378241 0.0177083 0.0638889 0.443654
1 0.338542 0.0194444 0.0125 0.0388889 0.748373
1 0.669271 0.301389 0.021875 0.0601852 0.749264
1 0.280208 0.177778 0.0145833 0.0740741 0.79872
1 0.7375 0.514815 0.0145833 0.0777778 0.808764
1 0.965625 0.202315 0.0125 0.0712963 0.811818
1 0.6 0.0805556 0.0125 0.0574074 0.832731
1 0.339844 0.196759 0.0296875 0.0675926 0.846514
1 0.795833 0.808333 0.025 0.0722222 0.861034
1 0.346094 0.245833 0.0255208 0.0583333 0.86729
1 0.267969 0.529167 0.0192708 0.0842593 0.871997
1 0.496094 0.602315 0.0192708 0.0824074 0.87419
1 0.614323 0.185648 0.0171875 0.0694444 0.875993
1 0.328385 0.648148 0.0255208 0.0833333 0.881791
1 0.535156 0.337963 0.0182292 0.0740741 0.887753
1 0.315625 0.293981 0.025 0.0731481 0.896481
