1 0.335417 0.175463 0.0177083 0.0583333 0.678505
1 0.773958 0.802778 0.0239583 0.0722222 0.733468
1 0.371615 0.0143519 0.0130208 0.0287037 0.746575
1 0.77526 0.509259 0.0182292 0.0648148 0.812569
1 0.342708 0.205093 0.025 0.0472222 0.814951
1 0.411719 0.623611 0.0234375 0.0824074 0.856462
1 0.567187 0.541204 0.0177083 0.0861111 0.860243
1 0.716146 0.27037 0.0208333 0.0777778 0.872462
1 0.634635 0.0722222 0.0140625 0.062963 0.877534
1 0.642708 0.174074 0.025 0.0703704 0.885225
1 0.304167 0.524537 0.0208333 0.075 0.894142
1 0.573177 0.320833 0.0161458 0.0712963 0.895346
1 0.297396 0.168519 0.0260417 0.0666667 0.89793
1 0.335677 0.264352 0.0265625 0.0712963 0.910141
