1 0.51875 0.00925926 0.009375 0.0166667 0.328623
1 0.303906 0.203704 0.0223958 0.062963 0.770532
1 0.572135 0.518519 0.0223958 0.062963 0.815122
1 0.36849 0.0282407 0.0161458 0.0564815 0.83654
2 0.589844 0.381481 0.0171875 0.0648148 0.84094
1 0.726042 0.855556 0.0333333 0.0759259 0.84298
1 0.303125 0.228704 0.0270833 0.0481481 0.844888
1 0.631771 0.185648 0.0166667 0.062037 0.852931
1 0.63099 0.106944 0.0192708 0.0638889 0.865185
1 0.578385 0.348148 0.0192708 0.0722222 0.865494
1 0.766927 0.560185 0.0213542 0.0703704 0.873813
1 0.285417 0.573611 0.0229167 0.0768519 0.890524
1 0.272656 0.198148 0.0182292 0.062963 0.891959
1 0.314844 0.28287 0.0265625 0.0712963 0.894133
1 0.453646 0.631481 0.025 0.0833333 0.894252
1 0.743229 0.303704 0.025 0.0722222 0.908094
