1 0.336719 0.210185 0.0234375 0.0592593 0.455883
1 0.371354 0.0143519 0.0125 0.0287037 0.751144
1 0.334375 0.183333 0.0260417 0.0685185 0.82041
1 0.774479 0.513889 0.0197917 0.0666667 0.827785
1 0.641927 0.173611 0.0234375 0.0675926 0.85069
1 0.567708 0.539815 0.0177083 0.087037 0.853839
1 0.415625 0.627315 0.01875 0.0842593 0.861627
1 0.767969 0.806944 0.0244792 0.0712963 0.866058
1 0.717708 0.271759 0.0208333 0.0768519 0.870442
1 0.294531 0.170833 0.0234375 0.0657407 0.888662
1 0.633854 0.0759259 0.0145833 0.0666667 0.888853
1 0.303385 0.527315 0.0223958 0.075 0.896173
1 0.335938 0.266204 0.028125 0.0712963 0.901003
1 0.572656 0.323148 0.0171875 0.0685185 0.911972
