2 0.370573 0.456944 0.0151042 0.0694444 0.811939
1 0.422917 0.0189815 0.01875 0.037963 0.828054
1 0.198177 0.362037 0.0140625 0.0666667 0.833268
1 0.948177 0.511574 0.0171875 0.0731481 0.844929
1 0.0447917 0.722685 0.0145833 0.0768519 0.848661
1 0.778385 0.853704 0.0213542 0.0703704 0.852202
1 0.11224 0.374537 0.0151042 0.0842593 0.856987
1 0.298698 0.240741 0.0286458 0.0611111 0.864206
1 0.545052 0.430556 0.0338542 0.0722222 0.867542
1 0.138021 0.230556 0.0166667 0.0759259 0.869636
1 0.568229 0.607407 0.0197917 0.0925926 0.877095
1 0.176563 0.0796296 0.0145833 0.062963 0.880975
1 0.0666667 0.594907 0.0197917 0.0787037 0.884259
1 0.128646 0.70463 0.01875 0.0833333 0.886424
1 0.317969 0.393056 0.0182292 0.0731481 0.88844
1 0.453906 0.281481 0.0255208 0.0666667 0.889419
1 0.803125 0.301852 0.0197917 0.0722222 0.894978
1 0.803385 0.217593 0.0265625 0.0666667 0.895873
1 0.446094 0.174537 0.0171875 0.0675926 0.899167
