0 0.505208 0.527315 0.00625 0.0101852 0.40481
1 0.565625 0.404167 0.0270833 0.0657407 0.547992
1 0.5 0.273148 0.0177083 0.0685185 0.660775
1 0.309896 0.746296 0.01875 0.0759259 0.785462
1 0.441146 0.0240741 0.015625 0.0481481 0.814048
1 0.859115 0.316667 0.0161458 0.0703704 0.868957
1 0.136198 0.610185 0.0213542 0.0796296 0.873279
1 0.266406 0.352315 0.0223958 0.062037 0.87547
1 0.627344 0.6 0.0161458 0.0833333 0.875639
1 0.186198 0.257407 0.0182292 0.0703704 0.876234
1 0.742969 0.906018 0.0286458 0.0768519 0.882648
1 0.151823 0.753704 0.0223958 0.0851852 0.883913
1 0.945833 0.234259 0.015625 0.0666667 0.884739
1 0.2375 0.0847222 0.0145833 0.0638889 0.891119
1 0.264062 0.268056 0.0322917 0.0694444 0.901943
1 0.497656 0.1625 0.0182292 0.0527778 0.90269
1 0.416406 0.425 0.0192708 0.062963 0.909195
1 0.211979 0.385185 0.0229167 0.0777778 0.912898
