1 0.117448 0.696759 0.0182292 0.0824074 0.526426
1 0.425 0.0162037 0.015625 0.0324074 0.732805
1 0.545313 0.42963 0.0229167 0.0722222 0.8023
2 0.368229 0.449537 0.0135417 0.0657407 0.820123
1 0.94401 0.50463 0.0171875 0.0777778 0.840233
1 0.792448 0.211574 0.0234375 0.0694444 0.859637
1 0.792708 0.844444 0.03125 0.0666667 0.860627
1 0.313021 0.235648 0.03125 0.0583333 0.867389
1 0.0414063 0.708796 0.0182292 0.0731481 0.87514
1 0.185156 0.358796 0.0192708 0.0657407 0.881546
1 0.567969 0.612963 0.0223958 0.0851852 0.882503
1 0.459115 0.275 0.0171875 0.0722222 0.884689
1 0.801562 0.293519 0.01875 0.0722222 0.886246
1 0.17474 0.0740741 0.0140625 0.0648148 0.887393
1 0.313021 0.385648 0.015625 0.0731481 0.888576
1 0.105729 0.362037 0.0177083 0.0777778 0.895421
1 0.0658854 0.587037 0.0234375 0.0814815 0.899285
1 0.446875 0.174537 0.0166667 0.0657407 0.899417
1 0.134635 0.220833 0.0182292 0.0731481 0.90788
