0 0.536198 0.457407 0.00677083 0.0111111 0.404593
1 0.995573 0.526852 0.00885417 0.0796296 0.619996
1 0.552865 0.425926 0.0223958 0.0648148 0.718739
1 0.254167 0.761111 0.0239583 0.0592593 0.732744
1 0.18724 0.400463 0.0161458 0.0787037 0.739894
1 0.389583 0.425 0.015625 0.0740741 0.805586
1 0.757812 0.905556 0.0239583 0.0740741 0.809461
1 0.439323 0.0300926 0.0161458 0.0546296 0.824705
1 0.258594 0.370833 0.0213542 0.0583333 0.825208
1 0.485938 0.2875 0.0166667 0.0694444 0.849315
1 0.845312 0.325 0.01875 0.0648148 0.855321
1 0.116146 0.621759 0.0177083 0.0842593 0.862394
1 0.910417 0.24537 0.0239583 0.0722222 0.877145
1 0.180208 0.267593 0.0197917 0.0722222 0.878685
1 0.272917 0.264352 0.0291667 0.0583333 0.884658
1 0.609896 0.6125 0.021875 0.0824074 0.888157
1 0.488281 0.173148 0.0203125 0.0611111 0.889834
1 0.110156 0.777315 0.0307292 0.0842593 0.895162
1 0.219792 0.0925926 0.0197917 0.0611111 0.900824
