2 0.404427 0.480093 0.0161458 0.0675926 0.272183
0 0.539583 0.445833 0.00625 0.0101852 0.368292
1 0.768229 0.88287 0.0260417 0.0675926 0.804703
1 0.988281 0.530093 0.0161458 0.0768519 0.806669
1 0.168229 0.25787 0.0145833 0.0787037 0.808865
1 0.55599 0.421296 0.0213542 0.0703704 0.810255
1 0.252083 0.375926 0.0270833 0.0481481 0.831194
1 0.434635 0.025 0.0140625 0.05 0.839531
1 0.204427 0.743056 0.0223958 0.0638889 0.840221
1 0.278906 0.250926 0.0203125 0.0592593 0.852753
1 0.831771 0.316667 0.0197917 0.0703704 0.85592
1 0.873958 0.232407 0.0177083 0.0740741 0.860408
1 0.205469 0.0893519 0.0223958 0.0638889 0.861662
1 0.161979 0.391667 0.015625 0.0796296 0.870447
1 0.0867188 0.762037 0.0171875 0.0796296 0.87309
1 0.102865 0.616204 0.0223958 0.087963 0.873449
1 0.475521 0.283333 0.015625 0.0703704 0.880191
1 0.361719 0.418056 0.0161458 0.0731481 0.885375
1 0.475521 0.169907 0.015625 0.0638889 0.885424
1 0.597656 0.597222 0.0192708 0.0740741 0.911667
