1 0.34349 0.244907 0.0192708 0.0694444 0.482791
0 0.571875 0.5125 0.00625 0.012037 0.579646
2 0.648698 0.418519 0.0161458 0.062963 0.604128
1 0.286198 0.257407 0.0140625 0.0592593 0.79838
1 0.344271 0.271759 0.0197917 0.075 0.80052
1 0.705469 0.922685 0.0307292 0.075 0.833569
1 0.823698 0.346759 0.0265625 0.0675926 0.839599
1 0.663281 0.21713 0.0213542 0.062037 0.847442
1 0.529427 0.0324074 0.0203125 0.0574074 0.856939
1 0.592448 0.509259 0.0265625 0.0740741 0.859336
1 0.354948 0.311111 0.0203125 0.0759259 0.863061
1 0.792969 0.628704 0.0213542 0.0722222 0.870888
1 0.623177 0.385185 0.0182292 0.0685185 0.879573
1 0.651563 0.134259 0.0166667 0.0648148 0.883192
1 0.297396 0.615741 0.021875 0.0851852 0.893043
1 0.405208 0.0583333 0.015625 0.0648148 0.895257
1 0.535417 0.64213 0.01875 0.075 0.905757
