1 0.348958 0.177778 0.028125 0.0703704 0.702526
1 0.371615 0.012037 0.0161458 0.0240741 0.736435
1 0.347656 0.208796 0.0317708 0.0601852 0.818411
1 0.563021 0.543056 0.021875 0.0787037 0.825479
1 0.572135 0.315278 0.0161458 0.0712963 0.855821
1 0.646875 0.174074 0.01875 0.0685185 0.857859
1 0.77526 0.502315 0.0171875 0.0694444 0.857931
1 0.710156 0.268519 0.0244792 0.0759259 0.864836
1 0.40651 0.619907 0.0234375 0.0824074 0.87118
1 0.634115 0.0652778 0.0151042 0.0601852 0.885598
1 0.340365 0.25787 0.0203125 0.0768519 0.886718
1 0.790625 0.786574 0.0333333 0.0712963 0.888104
1 0.309635 0.513426 0.0213542 0.075 0.889056
1 0.302865 0.160648 0.0338542 0.0657407 0.912152
