1 0.996615 0.15463 0.00677083 0.0833333 0.569211
1 0.367448 0.0125 0.0171875 0.025 0.706798
1 0.35599 0.208796 0.0234375 0.0583333 0.752406
1 0.797656 0.778241 0.0223958 0.0675926 0.777521
1 0.307292 0.503704 0.0166667 0.0851852 0.822007
1 0.55651 0.548148 0.0223958 0.0796296 0.826394
1 0.63151 0.0611111 0.0140625 0.0648148 0.839092
1 0.392969 0.613426 0.0182292 0.0842593 0.842918
1 0.649219 0.167593 0.0192708 0.0648148 0.847811
1 0.772917 0.5 0.01875 0.0703704 0.849423
1 0.569531 0.311111 0.0151042 0.0722222 0.852508
1 0.357552 0.176852 0.0286458 0.0666667 0.864489
1 0.704948 0.268056 0.0223958 0.0731481 0.877029
1 0.342708 0.255093 0.0166667 0.0805556 0.877951
1 0.305469 0.160185 0.0276042 0.0666667 0.906516
