2 0.53151 0.389352 0.0192708 0.0657407 0.417321
0 0.545052 0.553704 0.00677083 0.0111111 0.666102
1 0.334896 0.203704 0.025 0.0648148 0.785269
1 0.338802 0.256481 0.0307292 0.0574074 0.821872
1 0.953906 0.216204 0.0119792 0.0731481 0.832528
1 0.327083 0.025 0.0135417 0.05 0.837933
1 0.726562 0.523611 0.0145833 0.0787037 0.839529
1 0.269271 0.184259 0.015625 0.0722222 0.852665
1 0.523177 0.347222 0.0182292 0.0685185 0.861084
1 0.589063 0.0902778 0.0135417 0.0564815 0.86268
1 0.308594 0.656944 0.0213542 0.0861111 0.863883
1 0.658333 0.3125 0.0208333 0.0601852 0.864475
1 0.253646 0.539352 0.0197917 0.0861111 0.871029
1 0.600781 0.192593 0.0213542 0.0611111 0.875438
1 0.796875 0.818519 0.03125 0.0759259 0.876652
1 0.30625 0.303704 0.0208333 0.0759259 0.889546
1 0.476823 0.623148 0.0213542 0.0814815 0.892973
