0 0.517708 0.488889 0.00625 0.0111111 0.36666
2 0.423698 0.501389 0.0161458 0.0675926 0.500837
1 0.996094 0.529167 0.0078125 0.0787037 0.660679
1 0.551302 0.424074 0.0171875 0.0666667 0.784668
1 0.119531 0.778241 0.0265625 0.0824074 0.787986
1 0.486198 0.288889 0.0213542 0.0703704 0.822811
1 0.266927 0.761111 0.0255208 0.0685185 0.829433
1 0.115885 0.624537 0.0171875 0.0805556 0.83347
1 0.396875 0.43287 0.0177083 0.0712963 0.848767
1 0.844531 0.328241 0.0171875 0.075 0.850898
1 0.256771 0.368519 0.028125 0.0611111 0.852356
1 0.191406 0.4 0.0171875 0.0796296 0.862596
1 0.258073 0.27037 0.0296875 0.0611111 0.869803
1 0.436198 0.0310185 0.0203125 0.0564815 0.871513
1 0.220052 0.0930556 0.0151042 0.062037 0.879226
1 0.610677 0.612963 0.0192708 0.0814815 0.881397
1 0.485156 0.170833 0.0140625 0.0638889 0.884587
1 0.747917 0.909259 0.03125 0.0740741 0.891908
1 0.916146 0.24537 0.0239583 0.0722222 0.894765
1 0.177865 0.268056 0.0255208 0.0712963 0.908658
