1 0.30599 0.22037 0.0223958 0.0555556 0.557016
2 0.583073 0.375 0.0203125 0.0666667 0.728192
1 0.305469 0.197685 0.0223958 0.0638889 0.771138
1 0.366146 0.025463 0.0166667 0.0509259 0.809445
1 0.629427 0.100463 0.0161458 0.0601852 0.837751
1 0.764323 0.550463 0.0223958 0.0657407 0.838888
1 0.566406 0.524074 0.0369792 0.0685185 0.860503
1 0.735417 0.299537 0.0270833 0.0731481 0.869977
1 0.285937 0.567593 0.0197917 0.0777778 0.880209
1 0.442969 0.635185 0.0265625 0.0888889 0.88147
1 0.63151 0.181019 0.0203125 0.0638889 0.88223
1 0.314063 0.277315 0.021875 0.0731481 0.882441
1 0.728646 0.843982 0.0260417 0.0712963 0.890635
1 0.572917 0.342593 0.0177083 0.0740741 0.892091
1 0.270833 0.193981 0.0177083 0.0657407 0.894292
