0 0.570573 0.514815 0.00677083 0.0111111 0.344216
1 0.332812 0.263426 0.015625 0.0675926 0.705026
1 0.328646 0.240741 0.0229167 0.0666667 0.824076
1 0.294271 0.6125 0.0239583 0.0861111 0.835399
1 0.650521 0.132407 0.0145833 0.062963 0.836062
1 0.529167 0.025463 0.0145833 0.0509259 0.836974
1 0.813281 0.336111 0.0203125 0.0703704 0.848944
1 0.7125 0.915741 0.025 0.0777778 0.859118
1 0.592188 0.510648 0.025 0.0657407 0.869737
1 0.659635 0.213889 0.0182292 0.062963 0.880856
1 0.523698 0.637963 0.0182292 0.0722222 0.882634
1 0.399219 0.0481481 0.0161458 0.0648148 0.885118
1 0.291927 0.256481 0.0223958 0.0574074 0.88538
1 0.349219 0.306019 0.0182292 0.0675926 0.892112
1 0.615885 0.380093 0.0182292 0.0694444 0.893751
1 0.792448 0.615741 0.0276042 0.0777778 0.905981
