1 0.421615 0.00972222 0.0192708 0.0194444 0.688894
2 0.353125 0.436574 0.0135417 0.0657407 0.807347
1 0.0830729 0.673611 0.0192708 0.0787037 0.816873
1 0.153385 0.35 0.0151042 0.0648148 0.836319
1 0.79974 0.809259 0.0171875 0.0759259 0.841304
1 0.541667 0.442593 0.0239583 0.0814815 0.842924
1 0.923437 0.481481 0.0166667 0.0740741 0.853575
1 0.120312 0.2 0.015625 0.0703704 0.864218
1 0.291667 0.366667 0.0239583 0.0722222 0.870354
1 0.754427 0.191204 0.0151042 0.0712963 0.874518
1 0.792448 0.275463 0.0171875 0.0657407 0.874704
1 0.329688 0.227315 0.0291667 0.0638889 0.87491
1 0.164323 0.062037 0.0171875 0.0648148 0.875088
1 0.0541667 0.573148 0.0177083 0.0814815 0.878688
1 0.0885417 0.335648 0.0166667 0.0731481 0.879295
1 0.439323 0.166667 0.0171875 0.0666667 0.880675
1 0.555469 0.618519 0.0182292 0.0851852 0.890486
1 0.461979 0.27037 0.0260417 0.0666667 0.890824
1 0.0221354 0.678704 0.0192708 0.0777778 0.912832
