0 0.766667 0.899537 0.00833333 0.0157407 0.268323
0 0.766146 0.896296 0.0135417 0.0277778 0.288239
0 0.539583 0.445833 0.00625 0.0101852 0.350224
2 0.401563 0.476852 0.015625 0.0666667 0.573734
1 0.76849 0.882407 0.0213542 0.0722222 0.795823
1 0.557552 0.421759 0.0223958 0.0712963 0.800115
1 0.433854 0.0240741 0.0145833 0.0481481 0.812096
1 0.165104 0.253704 0.0135417 0.0777778 0.832315
1 0.198177 0.740278 0.0192708 0.0675926 0.835809
1 0.157292 0.390741 0.015625 0.0796296 0.846141
1 0.24974 0.375926 0.0244792 0.0481481 0.849761
1 0.0994792 0.613889 0.0197917 0.087037 0.854772
1 0.829427 0.315741 0.0192708 0.0703704 0.873543
1 0.986458 0.52963 0.0166667 0.0759259 0.87436
1 0.473177 0.283333 0.0161458 0.0703704 0.877934
1 0.358073 0.416667 0.0161458 0.0759259 0.877963
1 0.0838542 0.760185 0.01875 0.0814815 0.880119
1 0.86875 0.230093 0.0177083 0.075 0.883774
1 0.282292 0.249537 0.0239583 0.062037 0.888223
1 0.474219 0.17037 0.0161458 0.0648148 0.895661
1 0.203385 0.0888889 0.0213542 0.062963 0.897824
1 0.596354 0.597685 0.0208333 0.0731481 0.906326
