2 0.429427 0.493519 0.0182292 0.0666667 0.42811
1 0.996615 0.5375 0.00677083 0.062037 0.445809
1 0.738802 0.909722 0.0286458 0.0768519 0.502597
0 0.50599 0.515278 0.00677083 0.012037 0.615376
1 0.288281 0.757407 0.0234375 0.0740741 0.77682
1 0.405469 0.433333 0.0192708 0.062963 0.823496
1 0.55625 0.414352 0.025 0.0657407 0.825273
1 0.435156 0.0296296 0.0140625 0.0537037 0.832831
1 0.492188 0.28287 0.0239583 0.0657407 0.853634
1 0.850521 0.325 0.015625 0.0722222 0.864348
1 0.256771 0.272222 0.0302083 0.0685185 0.870366
1 0.4875 0.169444 0.0197917 0.0537037 0.874173
1 0.123958 0.617593 0.0177083 0.0759259 0.879324
1 0.616406 0.609259 0.0171875 0.0814815 0.88392
1 0.135417 0.766204 0.025 0.0842593 0.887024
1 0.930469 0.241204 0.0203125 0.0675926 0.88915
1 0.20026 0.393519 0.0182292 0.0796296 0.893888
1 0.259896 0.361111 0.028125 0.062963 0.899714
1 0.178646 0.263889 0.0208333 0.0703704 0.900067
1 0.227083 0.0916667 0.0145833 0.0648148 0.900532
