0 0.53724 0.446759 0.00572917 0.0101852 0.490869
2 0.37474 0.458796 0.0171875 0.0712963 0.557233
1 0.549219 0.430093 0.0307292 0.0694444 0.81751
1 0.423177 0.0203704 0.0130208 0.0407407 0.825353
1 0.295573 0.243981 0.0328125 0.0638889 0.833776
1 0.0510417 0.731019 0.0145833 0.0787037 0.852404
1 0.120833 0.383796 0.0145833 0.0824074 0.856534
1 0.142969 0.236574 0.0161458 0.075 0.859971
1 0.0742188 0.599074 0.0203125 0.0796296 0.863123
1 0.81901 0.219907 0.0203125 0.0675926 0.863837
1 0.142969 0.718518 0.0223958 0.0833333 0.868827
1 0.210938 0.364352 0.0208333 0.0675926 0.873774
1 0.32526 0.402315 0.0171875 0.0768519 0.875312
1 0.957031 0.515278 0.0161458 0.0731481 0.876296
1 0.807813 0.30463 0.015625 0.0722222 0.884493
1 0.776042 0.863426 0.0239583 0.0805556 0.884834
1 0.180729 0.0819444 0.0145833 0.062037 0.88848
1 0.459115 0.28287 0.0265625 0.0675926 0.891022
1 0.573177 0.599537 0.0182292 0.0824074 0.897105
1 0.450521 0.174537 0.0197917 0.0694444 0.898755
