0 0.568229 0.518056 0.00625 0.0101852 0.438226
1 0.717448 0.903704 0.0276042 0.0722222 0.640145
1 0.313542 0.233796 0.025 0.0657407 0.775891
1 0.529167 0.0231481 0.01875 0.0462963 0.813249
1 0.328646 0.249537 0.021875 0.0712963 0.830815
1 0.295052 0.250926 0.0182292 0.0555556 0.835271
1 0.392969 0.0449074 0.0192708 0.0638889 0.840189
1 0.511198 0.633333 0.0182292 0.0685185 0.849047
1 0.801302 0.32963 0.0171875 0.0740741 0.853651
1 0.292188 0.603241 0.01875 0.0824074 0.864378
1 0.589323 0.513889 0.0203125 0.0685185 0.867327
1 0.607292 0.373148 0.0229167 0.0703704 0.875777
1 0.790104 0.602315 0.025 0.0731481 0.885032
1 0.340885 0.299537 0.0182292 0.0712963 0.886546
1 0.655208 0.206019 0.021875 0.0638889 0.892544
1 0.647396 0.128241 0.0197917 0.0638889 0.89414
