0 0.576042 0.506944 0.00625 0.012037 0.537603
2 0.674219 0.425926 0.0161458 0.062963 0.77803
1 0.589323 0.489815 0.0203125 0.0574074 0.780501
1 0.369531 0.326852 0.0317708 0.0759259 0.821864
1 0.655469 0.143981 0.0213542 0.0638889 0.833437
1 0.346615 0.29213 0.0192708 0.0638889 0.843208
1 0.664583 0.233796 0.0177083 0.0638889 0.849986
1 0.523958 0.0513889 0.0166667 0.0546296 0.851034
1 0.794792 0.655556 0.0291667 0.0796296 0.851924
1 0.551302 0.660648 0.0213542 0.0787037 0.861544
1 0.841146 0.368056 0.01875 0.0712963 0.879817
1 0.279687 0.271759 0.03125 0.0638889 0.884717
1 0.296354 0.61713 0.0333333 0.0824074 0.890199
1 0.364844 0.254167 0.0234375 0.0675926 0.894447
1 0.629427 0.403241 0.0192708 0.0694444 0.897375
1 0.684635 0.943056 0.0296875 0.0694444 0.899338
1 0.424479 0.0731481 0.0177083 0.0648148 0.901614
