2 0.53724 0.385185 0.0182292 0.0611111 0.427877
1 0.338281 0.200463 0.0317708 0.0657407 0.489914
0 0.546615 0.557407 0.00677083 0.0111111 0.590793
1 0.664062 0.305093 0.0208333 0.0546296 0.752139
1 0.332812 0.0217593 0.0135417 0.0435185 0.801621
1 0.607813 0.189352 0.01875 0.0657407 0.838406
1 0.732031 0.518519 0.0140625 0.0777778 0.840528
1 0.959635 0.208333 0.0119792 0.0722222 0.841093
1 0.260417 0.534259 0.0208333 0.0851852 0.845151
1 0.275521 0.180556 0.0166667 0.0740741 0.849044
1 0.342187 0.251389 0.0302083 0.0583333 0.852656
1 0.796094 0.813889 0.0276042 0.0740741 0.861926
1 0.594271 0.0856481 0.0135417 0.0583333 0.86493
1 0.319271 0.652315 0.0239583 0.0842593 0.871441
1 0.485417 0.613426 0.0197917 0.0842593 0.892677
1 0.310937 0.298611 0.0239583 0.075 0.895717
1 0.528906 0.34213 0.0182292 0.0731481 0.900545
