0 0.535156 0.455093 0.00677083 0.012037 0.569922
1 0.426042 0.0111111 0.01875 0.0222222 0.667463
2 0.360417 0.438889 0.0135417 0.0666667 0.782028
1 0.0955729 0.680093 0.0223958 0.0805556 0.805101
1 0.548698 0.436574 0.0213542 0.0768519 0.812981
1 0.164323 0.352778 0.0130208 0.0685185 0.82089
1 0.933333 0.489352 0.0166667 0.075 0.844734
1 0.769271 0.196759 0.0135417 0.075 0.853507
1 0.0601562 0.575926 0.0151042 0.0814815 0.85418
1 0.802083 0.822222 0.0239583 0.0722222 0.859668
1 0.126042 0.206481 0.0145833 0.0722222 0.872212
1 0.464063 0.269907 0.01875 0.0694444 0.873655
1 0.444271 0.168981 0.0166667 0.0657407 0.875748
1 0.170052 0.0643518 0.0171875 0.0638889 0.876405
1 0.302344 0.368519 0.0192708 0.0722222 0.883094
1 0.0950521 0.344907 0.0171875 0.0805556 0.884425
1 0.797135 0.281019 0.0192708 0.0712963 0.884977
1 0.56224 0.614815 0.0171875 0.0833333 0.88527
1 0.328646 0.228704 0.0291667 0.0648148 0.891743
1 0.0302083 0.690278 0.0239583 0.0861111 0.902598
