2 0.56875 0.353241 0.0177083 0.0583333 0.280021
0 0.554427 0.578704 0.00677083 0.0111111 0.450867
1 0.359375 0.0134259 0.0145833 0.025 0.671198
1 0.353125 0.18287 0.0270833 0.0675926 0.758456
1 0.356771 0.218981 0.0291667 0.0583333 0.83081
1 0.990885 0.174537 0.0140625 0.075 0.838029
1 0.541927 0.561574 0.0223958 0.0805556 0.845663
1 0.297396 0.503241 0.0177083 0.0805556 0.845782
1 0.763542 0.502778 0.01875 0.0722222 0.854198
1 0.371615 0.618056 0.0182292 0.0824074 0.866159
1 0.301302 0.164815 0.0182292 0.0648148 0.878131
1 0.622656 0.0634259 0.0130208 0.0657407 0.87878
1 0.803125 0.783796 0.0322917 0.075 0.88012
1 0.640625 0.169907 0.0166667 0.0657407 0.88431
1 0.69375 0.274537 0.0229167 0.0731481 0.88897
1 0.336719 0.264815 0.0171875 0.0777778 0.894983
1 0.560677 0.31713 0.0161458 0.0731481 0.900399
