0 0.536979 0.445833 0.00625 0.0101852 0.382496
1 0.774219 0.866204 0.0223958 0.0787037 0.784587
1 0.29349 0.245833 0.0296875 0.0657407 0.802979
1 0.148958 0.722222 0.0229167 0.0833333 0.818712
1 0.424219 0.0203704 0.0140625 0.0407407 0.828024
1 0.54974 0.428704 0.0244792 0.0685185 0.842668
1 0.0541667 0.7375 0.0166667 0.0861111 0.858139
1 0.217448 0.366204 0.0182292 0.0675926 0.858459
1 0.125781 0.386111 0.0151042 0.0833333 0.867292
1 0.146354 0.238426 0.015625 0.0712963 0.872548
1 0.809896 0.306019 0.015625 0.0712963 0.879118
1 0.0778646 0.600926 0.0203125 0.0796296 0.880407
1 0.960677 0.518056 0.0161458 0.0731481 0.882408
1 0.824219 0.22037 0.0192708 0.0703704 0.885708
1 0.183073 0.0824074 0.0140625 0.0611111 0.886491
1 0.328125 0.407407 0.0177083 0.0777778 0.889538
1 0.461719 0.283333 0.0255208 0.0666667 0.893232
1 0.575521 0.597222 0.01875 0.0796296 0.900731
1 0.453385 0.175 0.0192708 0.0703704 0.90416
