1 0.520833 0.0106481 0.009375 0.0212963 0.372788
1 0.299479 0.232407 0.0208333 0.0462963 0.658648
1 0.304688 0.210185 0.0197917 0.0666667 0.805838
1 0.573698 0.517593 0.0255208 0.0648148 0.817895
1 0.632812 0.1875 0.015625 0.062037 0.836977
1 0.722656 0.861574 0.0307292 0.0768519 0.852785
2 0.592708 0.383796 0.0166667 0.0657407 0.856434
1 0.274219 0.201852 0.0182292 0.062963 0.862329
1 0.748177 0.306019 0.0265625 0.0712963 0.863628
1 0.769531 0.565278 0.0223958 0.0731481 0.865814
1 0.370573 0.0296296 0.0171875 0.0592593 0.867698
1 0.58099 0.350926 0.0182292 0.0722222 0.868009
1 0.634115 0.109259 0.0182292 0.062963 0.877298
1 0.459896 0.626389 0.0229167 0.075 0.880506
1 0.28776 0.575463 0.0265625 0.0768519 0.889886
1 0.317187 0.285185 0.028125 0.0703704 0.91122
