0 0.542448 0.446296 0.0078125 0.012963 0.465507
1 0.552344 0.423148 0.0171875 0.0666667 0.769899
1 0.229948 0.755093 0.0307292 0.0601852 0.799741
1 0.991667 0.531018 0.0166667 0.075 0.82023
1 0.376042 0.42037 0.0145833 0.0722222 0.820886
1 0.178646 0.265741 0.0135417 0.0740741 0.836773
1 0.275521 0.260648 0.0239583 0.0546296 0.84496
1 0.101042 0.762037 0.0166667 0.0814815 0.856163
1 0.257812 0.373611 0.028125 0.0527778 0.877354
1 0.11276 0.62037 0.0223958 0.0833333 0.878623
1 0.840365 0.322222 0.0182292 0.0685185 0.879346
1 0.766667 0.898611 0.0270833 0.0787037 0.883901
1 0.439323 0.0277778 0.0151042 0.0555556 0.883971
1 0.483073 0.171759 0.0203125 0.062037 0.890449
1 0.605208 0.605556 0.021875 0.0777778 0.892557
1 0.484375 0.287963 0.015625 0.0685185 0.89269
1 0.179948 0.394907 0.0192708 0.0805556 0.893348
1 0.897396 0.241204 0.0208333 0.0712963 0.896935
1 0.214583 0.0921296 0.021875 0.062037 0.905504
