0 0.419271 0.0087963 0.015625 0.0175926 0.321399
1 0.419271 0.00972222 0.0166667 0.0194444 0.350428
0 0.527865 0.462037 0.00677083 0.012963 0.386569
1 0.536719 0.443056 0.0234375 0.0805556 0.756832
1 0.0179687 0.677778 0.0171875 0.0777778 0.837914
1 0.0778646 0.669444 0.0171875 0.0777778 0.845777
2 0.349479 0.437037 0.0135417 0.0666667 0.849038
1 0.919271 0.480556 0.0166667 0.0759259 0.854538
1 0.798437 0.805093 0.01875 0.0787037 0.855259
1 0.148698 0.350463 0.0151042 0.0638889 0.857982
1 0.286979 0.368519 0.0239583 0.0703704 0.863093
1 0.789844 0.275 0.0161458 0.0648148 0.87143
1 0.0515625 0.573611 0.0197917 0.0805556 0.872803
1 0.117188 0.199074 0.0166667 0.0722222 0.877328
1 0.748438 0.191667 0.0166667 0.0703704 0.879456
1 0.436198 0.166204 0.0171875 0.0675926 0.88187
1 0.160938 0.0625 0.0177083 0.0657407 0.886527
1 0.552083 0.62037 0.0177083 0.0833333 0.887544
1 0.328646 0.227778 0.028125 0.0648148 0.888003
1 0.0846354 0.335648 0.0171875 0.0731481 0.889271
1 0.458854 0.27037 0.0260417 0.0666667 0.893712
