0 0.539323 0.445833 0.00677083 0.0101852 0.324588
2 0.398438 0.474537 0.0166667 0.0657407 0.791822
1 0.433073 0.0236111 0.0130208 0.0472222 0.811177
1 0.772135 0.880093 0.0213542 0.0731481 0.825585
1 0.0971354 0.6125 0.0182292 0.087963 0.829948
1 0.191667 0.737037 0.01875 0.0703704 0.855084
1 0.557552 0.421296 0.0213542 0.0722222 0.85719
1 0.1625 0.250463 0.0135417 0.0787037 0.857264
1 0.826823 0.314815 0.0203125 0.0703704 0.857773
1 0.152865 0.389815 0.0151042 0.0777778 0.860748
1 0.247135 0.375926 0.0234375 0.0481481 0.866685
1 0.200781 0.0875 0.0192708 0.062037 0.876436
1 0.472135 0.284259 0.0171875 0.0703704 0.882231
1 0.984375 0.528704 0.0197917 0.0759259 0.885946
1 0.863021 0.228241 0.0177083 0.0731481 0.8869
1 0.0804688 0.758333 0.0192708 0.0851852 0.8882
1 0.59349 0.598611 0.0234375 0.0712963 0.890042
1 0.285677 0.248148 0.0286458 0.062963 0.896773
1 0.354427 0.414352 0.0171875 0.0768519 0.89698
1 0.472135 0.170833 0.0171875 0.0657407 0.903468
