0 0.532552 0.44537 0.00572917 0.00925926 0.408271
2 0.272917 0.497222 0.015625 0.0648148 0.741267
1 0.352604 0.0356481 0.015625 0.0509259 0.801031
1 0.286458 0.266204 0.0197917 0.0694444 0.816355
1 0.065625 0.384259 0.0166667 0.0537037 0.818233
1 0.757292 0.83287 0.025 0.0842593 0.836109
1 0.648698 0.221759 0.0161458 0.0694444 0.861231
1 0.965885 0.251389 0.0192708 0.0694444 0.862497
1 0.461979 0.508333 0.0177083 0.0851852 0.872783
1 0.751823 0.299074 0.0276042 0.0611111 0.875895
1 0.371875 0.195833 0.0145833 0.0675926 0.876393
1 0.0453125 0.224537 0.0166667 0.0675926 0.877789
1 0.0984375 0.0898148 0.0135417 0.062963 0.878137
1 0.834375 0.50787 0.01875 0.0768519 0.879169
1 0.189583 0.415741 0.0239583 0.0722222 0.882826
1 0.416927 0.314352 0.0213542 0.0675926 0.883566
1 0.471094 0.674074 0.0192708 0.0833333 0.902871
