1 0.426302 0.0143519 0.0140625 0.0287037 0.435981
0 0.539323 0.451389 0.00677083 0.012037 0.530115
1 0.0372396 0.700463 0.0213542 0.0824074 0.768844
1 0.799219 0.289352 0.0182292 0.0675926 0.770559
1 0.551562 0.428704 0.0197917 0.0685185 0.79424
2 0.365885 0.443056 0.0140625 0.0675926 0.807778
1 0.795833 0.836111 0.0270833 0.0611111 0.833359
1 0.110156 0.691204 0.0192708 0.0842593 0.860743
1 0.177865 0.355093 0.0171875 0.0657407 0.868265
1 0.0640625 0.581019 0.0208333 0.0787037 0.873031
1 0.941146 0.500463 0.01875 0.0787037 0.876564
1 0.320312 0.23287 0.0260417 0.062037 0.876585
1 0.46224 0.271759 0.0140625 0.0712963 0.881014
1 0.173698 0.0689815 0.0151042 0.0638889 0.882948
1 0.786198 0.207407 0.0203125 0.0703704 0.884124
1 0.309375 0.377315 0.015625 0.0712963 0.884883
1 0.0989583 0.356944 0.0177083 0.0675926 0.888197
1 0.446094 0.171759 0.0151042 0.0675926 0.889439
1 0.131771 0.213889 0.0166667 0.0703704 0.896038
1 0.566406 0.611111 0.0203125 0.0814815 0.897322
