0 0.560156 0.569907 0.0078125 0.0157407 0.615988
1 0.365885 0.012037 0.0161458 0.0240741 0.663874
1 0.360156 0.209722 0.0223958 0.0546296 0.775939
1 0.356771 0.177778 0.0270833 0.0666667 0.787396
1 0.995573 0.163889 0.00885417 0.0759259 0.796672
1 0.80026 0.77963 0.0234375 0.0703704 0.800276
1 0.552344 0.550926 0.0213542 0.0796296 0.823469
1 0.38724 0.612963 0.0182292 0.0833333 0.836852
1 0.305208 0.500926 0.0166667 0.0833333 0.840004
1 0.648438 0.165278 0.01875 0.0638889 0.849793
1 0.771354 0.5 0.01875 0.0703704 0.859327
1 0.629687 0.0601852 0.0145833 0.0648148 0.864957
1 0.567448 0.309722 0.0161458 0.0712963 0.871506
1 0.701823 0.268981 0.0234375 0.075 0.886897
1 0.341146 0.256019 0.0166667 0.0805556 0.897641
1 0.305208 0.161111 0.0239583 0.0666667 0.902909
