0 0.527604 0.45463 0.00625 0.0111111 0.406395
1 0.21849 0.4 0.0192708 0.0740741 0.748384
1 0.761979 0.291204 0.0197917 0.0601852 0.818436
1 0.00833333 0.694444 0.0166667 0.0833333 0.819403
1 0.0914062 0.370833 0.0171875 0.0583333 0.827278
1 0.430208 0.299074 0.0177083 0.0703704 0.828261
1 0.305469 0.253241 0.0161458 0.0694444 0.829741
1 0.373437 0.0236111 0.015625 0.0472222 0.837048
2 0.296875 0.480556 0.0145833 0.0703704 0.842166
1 0.772135 0.818981 0.0171875 0.0805556 0.86026
1 0.118229 0.0796296 0.0166667 0.0611111 0.86331
1 0.991927 0.238889 0.0161458 0.0722222 0.869748
1 0.860937 0.497222 0.0166667 0.0759259 0.869972
1 0.483854 0.483333 0.0166667 0.0796296 0.87065
1 0.392708 0.187037 0.015625 0.0685185 0.875658
1 0.0210938 0.354167 0.0161458 0.075 0.884931
1 0.678906 0.208796 0.0182292 0.0712963 0.886139
1 0.0679687 0.216204 0.0171875 0.0712963 0.896246
1 0.496354 0.657407 0.01875 0.0814815 0.911374
