0 0.525 0.459722 0.00729167 0.012037 0.593416
1 0.513021 0.644444 0.01875 0.0814815 0.731724
1 0.388021 0.0194444 0.0166667 0.0388889 0.794293
2 0.31276 0.468981 0.0130208 0.0694444 0.80878
1 0.314323 0.245833 0.0182292 0.0638889 0.826448
1 0.241406 0.388426 0.0151042 0.0731481 0.827882
1 0.43776 0.287963 0.0192708 0.0722222 0.829139
1 0.110417 0.36713 0.015625 0.0712963 0.835169
1 0.771615 0.28287 0.0203125 0.0657407 0.847024
1 0.78099 0.813889 0.0192708 0.0851852 0.856092
1 0.878906 0.489815 0.0161458 0.0722222 0.858232
1 0.0265625 0.686574 0.021875 0.0787037 0.859039
1 0.701042 0.204167 0.0197917 0.0712963 0.86802
1 0.500521 0.468519 0.0197917 0.0740741 0.874854
1 0.13099 0.0712963 0.0161458 0.0611111 0.88333
1 0.0830729 0.2125 0.0171875 0.0731481 0.883362
1 0.407813 0.180556 0.0177083 0.0648148 0.884765
1 0.0411458 0.347685 0.0197917 0.075 0.898932
1 0.009375 0.585185 0.01875 0.0814815 0.912142
