1 0.317969 0.187037 0.0223958 0.062963 0.566293
1 0.322917 0.216204 0.025 0.0657407 0.714487
1 0.368229 0.0175926 0.0125 0.0351852 0.741307
1 0.633594 0.174074 0.0213542 0.0722222 0.759008
1 0.632812 0.0893519 0.0125 0.0638889 0.850636
1 0.567969 0.528241 0.0328125 0.0675926 0.856229
1 0.325 0.268056 0.0177083 0.0768519 0.865715
1 0.770573 0.532407 0.0234375 0.0740741 0.868434
1 0.427083 0.636111 0.01875 0.0833333 0.869272
1 0.724479 0.284259 0.0177083 0.0740741 0.876382
1 0.752604 0.822685 0.034375 0.075 0.882254
1 0.295052 0.547222 0.0223958 0.0833333 0.886961
1 0.282813 0.17963 0.0208333 0.0666667 0.893965
1 0.573177 0.331944 0.0192708 0.0657407 0.903019
