0 0.504427 0.522685 0.00677083 0.012037 0.587331
1 0.495833 0.278704 0.0208333 0.0685185 0.741412
1 0.231771 0.0893519 0.0145833 0.0657407 0.782124
1 0.43776 0.0263889 0.0140625 0.0527778 0.80172
1 0.559896 0.409722 0.028125 0.0657407 0.812194
1 0.298177 0.754167 0.0223958 0.075 0.837952
1 0.492448 0.166667 0.0192708 0.0537037 0.863069
1 0.129427 0.613889 0.0203125 0.0777778 0.865469
1 0.205208 0.389352 0.0208333 0.0787037 0.868045
1 0.263021 0.35787 0.0260417 0.0638889 0.874364
1 0.621094 0.605556 0.0171875 0.0833333 0.876857
1 0.18125 0.261111 0.01875 0.0703704 0.882204
1 0.854167 0.321296 0.0166667 0.0703704 0.88476
1 0.9375 0.237963 0.01875 0.0666667 0.889952
1 0.141927 0.760185 0.0244792 0.0851852 0.890025
1 0.259896 0.27037 0.0322917 0.0703704 0.898009
1 0.741667 0.909259 0.028125 0.0777778 0.898531
1 0.410417 0.430556 0.01875 0.062963 0.910933
