1 0.411198 0.0115741 0.0119792 0.0231481 0.437463
1 0.327083 0.230556 0.0302083 0.0648148 0.692334
1 0.136458 0.356019 0.0177083 0.0657407 0.772337
1 0.00416667 0.680556 0.00833333 0.0833333 0.799692
2 0.336979 0.446296 0.0135417 0.0666667 0.805605
1 0.0578125 0.670833 0.0177083 0.0768519 0.815589
1 0.523177 0.450463 0.0203125 0.0787037 0.853647
1 0.792448 0.806019 0.0223958 0.0805556 0.855902
1 0.0338542 0.576852 0.01875 0.0833333 0.873987
1 0.538281 0.627778 0.0192708 0.0851852 0.882772
1 0.15026 0.0638889 0.0171875 0.0648148 0.883508
1 0.783594 0.278241 0.0171875 0.0694444 0.88631
1 0.904688 0.481019 0.01875 0.075 0.887679
1 0.448438 0.275463 0.0229167 0.0675926 0.889273
1 0.271875 0.373611 0.0229167 0.0712963 0.894324
1 0.727865 0.197685 0.0234375 0.0694444 0.895809
1 0.104948 0.202778 0.0171875 0.0722222 0.898385
1 0.0682292 0.338889 0.0197917 0.0796296 0.902266
1 0.427083 0.169444 0.0177083 0.0648148 0.905021
