0 0.573958 0.510648 0.00729167 0.012037 0.59475
1 0.832552 0.356944 0.0234375 0.0694444 0.788627
1 0.283333 0.258333 0.0208333 0.0592593 0.827428
1 0.363021 0.320833 0.021875 0.0768519 0.837805
1 0.591667 0.500463 0.0239583 0.0657407 0.844144
1 0.527344 0.0421296 0.0171875 0.0601852 0.846309
1 0.347656 0.278704 0.0192708 0.0685185 0.84938
2 0.661198 0.42037 0.0171875 0.0648148 0.865213
1 0.411198 0.0648148 0.0140625 0.0648148 0.876136
1 0.794531 0.641204 0.0182292 0.0768519 0.876437
1 0.354948 0.244907 0.0171875 0.0657407 0.87662
1 0.628125 0.391204 0.01875 0.0657407 0.87995
1 0.697396 0.931944 0.034375 0.0731481 0.890461
1 0.54401 0.649074 0.0213542 0.0740741 0.891771
1 0.666667 0.224074 0.025 0.062963 0.893035
1 0.65 0.139352 0.021875 0.0638889 0.902274
1 0.297917 0.616667 0.03125 0.087037 0.905326
