0 0.571354 0.512963 0.00625 0.0111111 0.448048
1 0.340885 0.243519 0.0192708 0.0722222 0.745625
1 0.286979 0.256481 0.0145833 0.0592593 0.778571
1 0.339583 0.269444 0.0166667 0.0722222 0.809688
1 0.591927 0.510648 0.0255208 0.0712963 0.833966
1 0.66224 0.215741 0.0182292 0.062963 0.837092
1 0.70599 0.920833 0.0276042 0.075 0.838851
1 0.79401 0.624537 0.0223958 0.075 0.847799
1 0.820833 0.343981 0.0239583 0.0694444 0.84962
1 0.529688 0.0287037 0.0177083 0.0537037 0.861017
1 0.296875 0.614352 0.025 0.0842593 0.870696
1 0.620573 0.383333 0.0171875 0.0685185 0.87219
1 0.652083 0.133796 0.015625 0.0657407 0.877455
1 0.53151 0.641204 0.0192708 0.075 0.884785
1 0.353125 0.308796 0.0197917 0.0731481 0.885661
1 0.403646 0.0537037 0.0166667 0.0648148 0.903464
