0 0.530729 0.447685 0.00625 0.0101852 0.448497
2 0.279167 0.493519 0.015625 0.0666667 0.756995
1 0.00442708 0.3625 0.00885417 0.0731481 0.787734
1 0.0723958 0.381019 0.015625 0.0546296 0.826885
1 0.358594 0.0314815 0.0151042 0.05 0.8377
1 0.291927 0.263426 0.0192708 0.0694444 0.856869
1 0.103385 0.0875 0.0151042 0.0638889 0.867149
1 0.0513021 0.221296 0.0161458 0.0685185 0.867314
1 0.466927 0.501389 0.0171875 0.0824074 0.868405
1 0.420052 0.311111 0.0182292 0.0685185 0.869257
1 0.76276 0.830093 0.0244792 0.0824074 0.871014
1 0.754427 0.296759 0.0255208 0.0638889 0.876928
1 0.840885 0.506019 0.0192708 0.0768519 0.877494
1 0.197135 0.412037 0.0244792 0.0740741 0.877599
1 0.972917 0.247222 0.01875 0.0703704 0.878804
1 0.65651 0.218519 0.0161458 0.0685185 0.879822
1 0.377083 0.193981 0.0145833 0.0657407 0.893846
1 0.477604 0.669907 0.01875 0.0824074 0.898889
