0 0.564062 0.527315 0.00729167 0.0138889 0.392121
1 0.522656 0.0115741 0.00885417 0.0231481 0.637372
2 0.596094 0.386574 0.0182292 0.0638889 0.729577
1 0.298177 0.236574 0.0151042 0.0435185 0.734592
1 0.635417 0.188889 0.0166667 0.062963 0.791865
1 0.304427 0.214815 0.0182292 0.0648148 0.805178
1 0.576563 0.519444 0.0270833 0.0666667 0.823425
1 0.720312 0.868519 0.028125 0.0796296 0.860355
1 0.320052 0.286574 0.0244792 0.0731481 0.871483
1 0.754687 0.30787 0.0260417 0.0712963 0.873363
1 0.465885 0.625463 0.0213542 0.075 0.87905
1 0.276563 0.205556 0.0197917 0.0611111 0.88225
1 0.289062 0.579167 0.025 0.0787037 0.883597
1 0.583594 0.353704 0.0161458 0.0722222 0.885479
1 0.635938 0.113889 0.0177083 0.062963 0.888577
1 0.772396 0.571296 0.0229167 0.0777778 0.891371
1 0.372396 0.0310185 0.01875 0.062037 0.892695
