0 0.538021 0.54537 0.00625 0.0111111 0.514136
1 0.786979 0.834259 0.0302083 0.0703704 0.778687
1 0.310417 0.0342593 0.015625 0.062963 0.815302
1 0.707031 0.544907 0.0171875 0.0805556 0.819089
1 0.636719 0.32963 0.0213542 0.0685185 0.844509
1 0.933594 0.243981 0.0130208 0.0768519 0.845378
1 0.250781 0.201389 0.0192708 0.0694444 0.857009
1 0.322396 0.276852 0.0270833 0.0574074 0.863195
1 0.273177 0.675926 0.0203125 0.0888889 0.86505
1 0.229948 0.553704 0.0192708 0.0833333 0.868993
1 0.56875 0.106019 0.0145833 0.0527778 0.873542
1 0.324479 0.214815 0.0229167 0.0648148 0.874467
1 0.578646 0.210648 0.0197917 0.0675926 0.8747
1 0.438542 0.648148 0.0229167 0.0759259 0.880871
1 0.289323 0.318519 0.0171875 0.0777778 0.892654
1 0.503646 0.359259 0.0197917 0.05 0.899482
