0 0.5125 0.498611 0.00625 0.0101852 0.454638
1 0.995573 0.529167 0.00885417 0.0842593 0.682288
1 0.255469 0.36713 0.0296875 0.062037 0.755541
1 0.48724 0.288426 0.0223958 0.0694444 0.785802
1 0.551562 0.421296 0.0177083 0.0666667 0.806334
1 0.74349 0.908333 0.0244792 0.0703704 0.834372
1 0.398958 0.434722 0.01875 0.0675926 0.835747
1 0.116927 0.624074 0.0161458 0.0796296 0.842627
1 0.271875 0.759722 0.0270833 0.0712963 0.843773
1 0.192448 0.398611 0.0161458 0.0787037 0.854972
1 0.611198 0.6125 0.0182292 0.0824074 0.869255
1 0.123958 0.776389 0.025 0.0824074 0.874135
1 0.846094 0.32963 0.0171875 0.0759259 0.87487
1 0.435677 0.0310185 0.0203125 0.0564815 0.876595
1 0.256771 0.27037 0.0322917 0.0592593 0.882258
1 0.484635 0.171296 0.0171875 0.0611111 0.889532
1 0.920052 0.24537 0.0234375 0.0703704 0.90183
1 0.177344 0.26713 0.0255208 0.0712963 0.902169
1 0.221354 0.0930556 0.015625 0.062037 0.902808
