0 0.56875 0.516204 0.00625 0.0101852 0.388333
1 0.34349 0.300463 0.0182292 0.0675926 0.772546
1 0.528906 0.0240741 0.0140625 0.0481481 0.792593
1 0.33099 0.253704 0.0203125 0.0685185 0.798278
1 0.31875 0.236111 0.0260417 0.0648148 0.836268
1 0.80599 0.331481 0.0171875 0.0740741 0.851303
1 0.294792 0.252315 0.0197917 0.0564815 0.855619
1 0.657031 0.208333 0.0213542 0.0648148 0.865029
1 0.395052 0.0458333 0.0182292 0.0638889 0.87104
1 0.292969 0.605093 0.0223958 0.0824074 0.883404
1 0.717188 0.906944 0.0322917 0.0731481 0.885397
1 0.516146 0.634722 0.01875 0.0712963 0.888502
1 0.790625 0.606019 0.0270833 0.075 0.890558
1 0.591667 0.514815 0.025 0.0703704 0.891841
1 0.648698 0.130093 0.0161458 0.062037 0.898576
1 0.610937 0.375463 0.0208333 0.0712963 0.90406
