1 0.368229 0.0125 0.0166667 0.025 0.700156
1 0.35026 0.207407 0.0255208 0.0592593 0.820906
1 0.796615 0.780556 0.0255208 0.0685185 0.840798
1 0.308854 0.506481 0.0197917 0.0814815 0.845961
1 0.570833 0.311574 0.0166667 0.0712963 0.850498
1 0.398438 0.613889 0.0177083 0.0814815 0.852437
1 0.355469 0.176852 0.0307292 0.0685185 0.853908
1 0.773698 0.499537 0.0182292 0.0712963 0.855796
1 0.342708 0.255093 0.0166667 0.0805556 0.857162
1 0.559115 0.544907 0.0223958 0.0768519 0.86572
1 0.632552 0.062963 0.0140625 0.062963 0.867305
1 0.64974 0.169907 0.0182292 0.0675926 0.874967
1 0.707031 0.268056 0.0234375 0.0731481 0.876372
1 0.305208 0.159259 0.03125 0.0648148 0.913872
