0 0.553646 0.574074 0.00729167 0.0111111 0.286349
1 0.985417 0.180093 0.0135417 0.075 0.655269
1 0.355208 0.0138889 0.0135417 0.0277778 0.730064
1 0.350521 0.183333 0.0291667 0.0648148 0.785667
1 0.533073 0.568056 0.0203125 0.0787037 0.805203
1 0.55599 0.321296 0.0151042 0.0722222 0.827086
1 0.618229 0.0652778 0.0135417 0.0638889 0.830231
1 0.758854 0.505093 0.0177083 0.0731481 0.855713
1 0.354427 0.225 0.0265625 0.0611111 0.858676
1 0.690104 0.280093 0.0208333 0.0731481 0.859462
1 0.361979 0.624537 0.01875 0.0842593 0.86468
1 0.292188 0.507407 0.0177083 0.0796296 0.866168
1 0.803646 0.7875 0.034375 0.0731481 0.889205
1 0.635156 0.173611 0.0161458 0.0694444 0.894017
1 0.297917 0.168519 0.0177083 0.0666667 0.89877
1 0.334635 0.27037 0.0203125 0.0759259 0.908992
