0 0.551562 0.56713 0.00729167 0.012037 0.654213
1 0.347656 0.0157407 0.0119792 0.0314815 0.729064
2 0.554948 0.368519 0.0171875 0.062963 0.75272
1 0.976042 0.191667 0.0125 0.0722222 0.767964
1 0.80026 0.796296 0.0307292 0.0703704 0.822655
1 0.516406 0.583796 0.0192708 0.0768519 0.824007
1 0.348437 0.235185 0.0197917 0.0592593 0.827603
1 0.748438 0.510185 0.015625 0.0759259 0.832728
1 0.679688 0.289815 0.0208333 0.0648148 0.841335
1 0.609375 0.0712963 0.0114583 0.0574074 0.843193
1 0.625521 0.178704 0.015625 0.0722222 0.851985
1 0.346354 0.190741 0.0302083 0.0666667 0.855062
1 0.290104 0.172685 0.015625 0.0712963 0.858684
1 0.28099 0.517593 0.0171875 0.0814815 0.867218
1 0.545833 0.32963 0.0166667 0.0740741 0.880642
1 0.34401 0.6375 0.0244792 0.0824074 0.886519
1 0.327083 0.282407 0.025 0.0722222 0.903512
