1 0.425521 0.0148148 0.015625 0.0296296 0.653753
1 0.114063 0.694444 0.0197917 0.0833333 0.794514
2 0.367708 0.447222 0.0135417 0.0666667 0.821935
1 0.546354 0.429167 0.0208333 0.0694444 0.82408
1 0.942708 0.502778 0.01875 0.0777778 0.842338
1 0.182552 0.356944 0.0192708 0.0657407 0.853527
1 0.80026 0.290741 0.0182292 0.0666667 0.862965
1 0.460677 0.274074 0.0161458 0.0722222 0.863512
1 0.173958 0.0717593 0.0135417 0.0638889 0.877931
1 0.790625 0.210648 0.0229167 0.0712963 0.878973
1 0.567187 0.611574 0.0208333 0.0842593 0.886131
1 0.795052 0.840741 0.0296875 0.062963 0.887214
1 0.316927 0.234722 0.0307292 0.0601852 0.888266
1 0.0393229 0.705556 0.0192708 0.0759259 0.889107
1 0.102865 0.358796 0.0192708 0.0712963 0.889897
1 0.133333 0.216667 0.0177083 0.0703704 0.890791
1 0.0651042 0.583796 0.0229167 0.0787037 0.892269
1 0.446094 0.173148 0.0171875 0.0666667 0.893474
1 0.311198 0.381944 0.0151042 0.0731481 0.903092
