2 0.642187 0.414352 0.0166667 0.0638889 0.403711
0 0.570312 0.513889 0.00625 0.0111111 0.523473
1 0.333854 0.240278 0.0208333 0.0638889 0.822303
1 0.650781 0.13287 0.0151042 0.0657407 0.830391
1 0.334635 0.268056 0.0182292 0.0712963 0.832623
1 0.529427 0.0263889 0.0171875 0.0527778 0.83905
1 0.816667 0.339352 0.021875 0.0694444 0.85842
1 0.661198 0.214815 0.0182292 0.062963 0.860338
1 0.591146 0.510648 0.021875 0.0675926 0.874893
1 0.290365 0.255556 0.0203125 0.0592593 0.875454
1 0.618229 0.381481 0.0166667 0.0722222 0.879065
1 0.352604 0.307407 0.0177083 0.0703704 0.879709
1 0.70625 0.918519 0.0229167 0.0759259 0.881251
1 0.79375 0.62037 0.025 0.0777778 0.88272
1 0.296094 0.613889 0.0276042 0.0851852 0.884363
1 0.527865 0.640278 0.0182292 0.075 0.888298
1 0.401563 0.049537 0.015625 0.0638889 0.892895
