0 0.536979 0.445833 0.00625 0.0101852 0.251529
1 0.430469 0.0222222 0.0182292 0.0444444 0.80956
1 0.0695312 0.751852 0.0182292 0.0907407 0.83904
1 0.155729 0.24213 0.0125 0.075 0.848992
1 0.81901 0.309259 0.0161458 0.0703704 0.852587
1 0.0882813 0.606019 0.0151042 0.0805556 0.852649
1 0.235938 0.374074 0.0229167 0.0537037 0.853097
1 0.141667 0.3875 0.0166667 0.0768519 0.853425
1 0.554948 0.42037 0.0223958 0.0740741 0.854618
1 0.171354 0.731019 0.0208333 0.0805556 0.866726
1 0.289844 0.247222 0.0286458 0.0666667 0.871645
1 0.974219 0.524537 0.0171875 0.075 0.879102
1 0.193229 0.0851852 0.0166667 0.0611111 0.879845
1 0.343229 0.408796 0.0177083 0.075 0.880244
1 0.774219 0.872222 0.0338542 0.0685185 0.88446
1 0.582552 0.599074 0.0234375 0.0666667 0.887053
1 0.46875 0.284722 0.0229167 0.0675926 0.890337
1 0.846354 0.223611 0.0177083 0.0712963 0.899811
1 0.464844 0.174074 0.0192708 0.0703704 0.905434
