0 0.779427 0.865278 0.00885417 0.0157407 0.278921
1 0.78099 0.852315 0.0203125 0.0694444 0.783082
2 0.370313 0.455093 0.0145833 0.0694444 0.806682
1 0.194531 0.361111 0.0151042 0.0666667 0.813169
1 0.423177 0.0185185 0.0192708 0.037037 0.817556
1 0.946875 0.510185 0.0145833 0.0740741 0.83682
1 0.545573 0.431481 0.0307292 0.0722222 0.848897
1 0.300781 0.238426 0.0265625 0.0601852 0.857761
1 0.568229 0.609722 0.0197917 0.0916667 0.858886
1 0.126042 0.701852 0.0177083 0.0833333 0.861993
1 0.110937 0.370833 0.015625 0.0842593 0.867562
1 0.0442708 0.718982 0.015625 0.075 0.867983
1 0.176042 0.0782407 0.0145833 0.0638889 0.870429
1 0.803125 0.3 0.0208333 0.0722222 0.885099
1 0.0669271 0.593518 0.0213542 0.0796296 0.888977
1 0.316667 0.390278 0.0177083 0.0712963 0.889589
1 0.800781 0.216667 0.0255208 0.0666667 0.89176
1 0.13724 0.229167 0.0171875 0.075 0.895168
1 0.453906 0.280093 0.0234375 0.0657407 0.898275
1 0.446094 0.174537 0.0171875 0.0657407 0.901936
