2 0.582552 0.372222 0.0182292 0.0666667 0.657401
1 0.307813 0.218056 0.01875 0.0527778 0.717712
1 0.307031 0.193981 0.0223958 0.0638889 0.763458
1 0.365885 0.0231481 0.0171875 0.0462963 0.833662
1 0.628906 0.0986111 0.0151042 0.0601852 0.848337
1 0.288542 0.564815 0.021875 0.0796296 0.850674
1 0.730469 0.839352 0.0234375 0.0712963 0.856365
1 0.763542 0.547222 0.0208333 0.0648148 0.8624
1 0.63099 0.178704 0.0223958 0.0648148 0.876375
1 0.438021 0.636111 0.025 0.087037 0.882077
1 0.732552 0.298148 0.0265625 0.0740741 0.88479
1 0.572135 0.340741 0.0171875 0.0722222 0.889323
1 0.271094 0.191204 0.0171875 0.0675926 0.897178
1 0.565104 0.526389 0.0395833 0.0675926 0.903194
1 0.316667 0.275 0.0177083 0.0759259 0.906218
