0 0.577865 0.503704 0.00677083 0.012963 0.346784
1 0.849219 0.378241 0.0151042 0.062037 0.700848
1 0.58724 0.491204 0.0244792 0.0638889 0.754502
1 0.370833 0.331481 0.025 0.0777778 0.812028
1 0.63125 0.4125 0.021875 0.0657407 0.814587
1 0.351562 0.303241 0.0291667 0.0657407 0.844005
1 0.279687 0.283796 0.025 0.0490741 0.853603
1 0.670833 0.958333 0.034375 0.0759259 0.857474
1 0.557292 0.669907 0.0208333 0.0824074 0.862242
1 0.792188 0.668056 0.0229167 0.0787037 0.866329
1 0.663281 0.237963 0.0286458 0.0611111 0.867478
1 0.28724 0.62037 0.0192708 0.0833333 0.869615
1 0.653125 0.145833 0.0135417 0.0675926 0.872857
1 0.521094 0.0606481 0.0234375 0.0583333 0.876919
1 0.372135 0.259259 0.0255208 0.0685185 0.895802
1 0.435677 0.0819444 0.0171875 0.0675926 0.902016
