0 0.552083 0.570833 0.00625 0.012037 0.477922
1 0.351562 0.0148148 0.0125 0.0296296 0.719168
1 0.348437 0.1875 0.03125 0.0675926 0.775695
1 0.98099 0.186111 0.0130208 0.0740741 0.815054
1 0.525521 0.576389 0.0197917 0.0787037 0.826268
1 0.352083 0.230093 0.021875 0.0601852 0.833075
1 0.613802 0.0680556 0.0119792 0.0601852 0.843645
1 0.753125 0.508333 0.0166667 0.0740741 0.846786
1 0.29375 0.171296 0.0166667 0.0685185 0.856257
1 0.286458 0.5125 0.0166667 0.0805556 0.858779
1 0.685417 0.285185 0.0197917 0.0703704 0.864485
1 0.33151 0.276852 0.0234375 0.0740741 0.872901
1 0.630208 0.176389 0.015625 0.0712963 0.873145
1 0.802604 0.791204 0.0322917 0.0675926 0.88486
1 0.353125 0.631481 0.021875 0.0833333 0.890538
1 0.551562 0.325463 0.0166667 0.0731481 0.892206
