0 0.540625 0.448148 0.00625 0.0111111 0.408129
1 0.246615 0.758796 0.0255208 0.0527778 0.51093
1 0.758854 0.903704 0.0197917 0.0759259 0.657737
1 0.906771 0.243981 0.0229167 0.0712963 0.789865
1 0.99401 0.530093 0.0109375 0.075 0.813195
1 0.551302 0.425463 0.0255208 0.0657407 0.813606
1 0.258333 0.371296 0.0239583 0.0574074 0.841057
1 0.384896 0.423148 0.015625 0.0740741 0.843758
1 0.843229 0.324537 0.01875 0.0657407 0.847565
1 0.439063 0.0287037 0.0135417 0.0555556 0.851774
1 0.485677 0.288426 0.0161458 0.0694444 0.863165
1 0.272917 0.264815 0.025 0.0592593 0.872531
1 0.179688 0.26713 0.0166667 0.0712963 0.872799
1 0.115365 0.621296 0.0192708 0.0833333 0.877154
1 0.607813 0.611111 0.0239583 0.0796296 0.881892
1 0.4875 0.173148 0.021875 0.0611111 0.893304
1 0.185677 0.398611 0.0171875 0.0805556 0.894293
1 0.218229 0.0930556 0.0208333 0.062037 0.909354
1 0.108073 0.775 0.0296875 0.0833333 0.914204
