0 0.541667 0.448148 0.0104167 0.012963 0.348467
2 0.371875 0.45787 0.015625 0.0694444 0.791262
1 0.201823 0.361574 0.0151042 0.0675926 0.814946
1 0.422656 0.0194444 0.0171875 0.0388889 0.816711
1 0.114583 0.376852 0.0145833 0.0833333 0.838611
1 0.545573 0.431944 0.0338542 0.075 0.839172
1 0.950781 0.5125 0.0171875 0.0731481 0.841321
1 0.0460938 0.726389 0.0151042 0.0805556 0.858286
1 0.132292 0.709722 0.0197917 0.0842593 0.861012
1 0.56901 0.605093 0.0203125 0.0916667 0.861818
1 0.139323 0.23287 0.0161458 0.0768519 0.876808
1 0.319531 0.397222 0.0182292 0.0759259 0.877467
1 0.777344 0.856019 0.0244792 0.0712963 0.880462
1 0.455208 0.282407 0.0270833 0.0666667 0.883707
1 0.0677083 0.596759 0.0197917 0.0805556 0.889327
1 0.297656 0.24213 0.0307292 0.062037 0.89201
1 0.177344 0.0810185 0.0140625 0.062037 0.89432
1 0.803906 0.302778 0.0192708 0.0722222 0.900017
1 0.808333 0.218981 0.025 0.0675926 0.904948
1 0.447396 0.174537 0.01875 0.0675926 0.9051
