0 0.508333 0.534722 0.00625 0.0101852 0.444811
2 0.448438 0.465741 0.01875 0.0685185 0.705004
1 0.451042 0.0194444 0.01875 0.0388889 0.804488
1 0.748698 0.891667 0.0307292 0.0703704 0.808496
1 0.335417 0.731944 0.0208333 0.0768519 0.82253
1 0.175521 0.737963 0.01875 0.0833333 0.826974
1 0.963281 0.223148 0.0151042 0.0703704 0.841761
1 0.197917 0.248611 0.0177083 0.0694444 0.851867
1 0.872396 0.303241 0.015625 0.0712963 0.856829
1 0.578646 0.389815 0.0239583 0.0666667 0.857975
1 0.514583 0.261111 0.015625 0.0703704 0.859035
1 0.641927 0.588889 0.0161458 0.0851852 0.863762
1 0.277083 0.339352 0.025 0.062037 0.864718
1 0.154167 0.6 0.021875 0.0851852 0.875206
1 0.27526 0.260185 0.0255208 0.0703704 0.875982
1 0.433594 0.413426 0.0171875 0.0675926 0.887104
1 0.511719 0.151852 0.0171875 0.05 0.893607
1 0.251823 0.0736111 0.0140625 0.062037 0.895198
1 0.228906 0.373148 0.0244792 0.0759259 0.906403
