0 0.574219 0.509259 0.00677083 0.0111111 0.502347
1 0.28151 0.259259 0.0223958 0.0592593 0.623646
1 0.794531 0.644907 0.0171875 0.0787037 0.70999
1 0.526042 0.0453704 0.0145833 0.0574074 0.768524
1 0.692448 0.935648 0.0296875 0.0731481 0.775064
1 0.348958 0.281944 0.0208333 0.0657407 0.8506
1 0.835156 0.359722 0.0223958 0.0731481 0.856926
1 0.590625 0.5 0.0208333 0.0685185 0.859441
1 0.365885 0.322685 0.0234375 0.0768519 0.87034
1 0.357812 0.247685 0.01875 0.0657407 0.873895
1 0.546615 0.651389 0.0223958 0.075 0.879526
1 0.414323 0.0666667 0.0151042 0.062963 0.883145
1 0.628906 0.394444 0.0203125 0.0666667 0.885814
2 0.664583 0.422222 0.0177083 0.0648148 0.892383
1 0.650521 0.141204 0.0229167 0.062037 0.892584
1 0.667188 0.227315 0.0239583 0.0657407 0.893426
1 0.297656 0.61713 0.0359375 0.0861111 0.907361
