0 0.524479 0.462037 0.00625 0.0111111 0.368807
1 0.316146 0.242593 0.0229167 0.0611111 0.50127
1 0.392448 0.0180556 0.0171875 0.0361111 0.743445
1 0.0875 0.210185 0.0166667 0.0740741 0.817415
1 0.0320312 0.683796 0.0213542 0.0768519 0.824935
1 0.116406 0.364815 0.0161458 0.0703704 0.837754
2 0.318229 0.464352 0.0135417 0.0694444 0.839847
1 0.411719 0.177778 0.0171875 0.0648148 0.844984
1 0.247917 0.384722 0.0166667 0.0731481 0.846354
1 0.439844 0.285185 0.0192708 0.0722222 0.86796
1 0.135156 0.0703704 0.0151042 0.062963 0.868054
1 0.782552 0.813426 0.0223958 0.0842593 0.87511
1 0.707812 0.203241 0.0208333 0.0712963 0.876084
1 0.505208 0.464352 0.0197917 0.0768519 0.877816
1 0.774219 0.28287 0.0213542 0.0675926 0.880656
1 0.0148437 0.583333 0.0203125 0.0796296 0.888994
1 0.0473958 0.345833 0.0197917 0.0768519 0.890429
1 0.518229 0.641204 0.01875 0.0805556 0.894778
1 0.884896 0.487037 0.0166667 0.0703704 0.897594
