0 0.576823 0.508796 0.00572917 0.0101852 0.477196
1 0.654688 0.965741 0.0270833 0.0666667 0.739553
1 0.642969 0.423611 0.0223958 0.0601852 0.786748
2 0.716927 0.445833 0.0161458 0.0675926 0.806495
1 0.526302 0.0722222 0.0161458 0.0592593 0.837311
1 0.871094 0.401389 0.0192708 0.0675926 0.852426
1 0.590625 0.478704 0.0260417 0.0648148 0.857592
1 0.31276 0.305093 0.0265625 0.0546296 0.857999
1 0.660417 0.244907 0.0270833 0.0601852 0.860398
1 0.360938 0.32037 0.0229167 0.0703704 0.86467
1 0.294531 0.61713 0.0276042 0.0805556 0.869133
1 0.388542 0.260185 0.0208333 0.0703704 0.892929
1 0.794792 0.681481 0.025 0.0851852 0.893316
1 0.390365 0.333333 0.0203125 0.0722222 0.895242
1 0.661458 0.149537 0.0239583 0.0638889 0.896962
1 0.467448 0.0958333 0.0151042 0.0675926 0.899049
1 0.575781 0.681019 0.0255208 0.0805556 0.90232
