1 0.996615 0.516667 0.00677083 0.101852 0.326912
2 0.424479 0.497685 0.0177083 0.0712963 0.458461
0 0.531771 0.468519 0.00625 0.0111111 0.46812
1 0.553646 0.426389 0.0208333 0.0657407 0.606612
1 0.439583 0.0296296 0.0177083 0.0537037 0.740609
1 0.113021 0.778241 0.0291667 0.0861111 0.741066
1 0.26875 0.267593 0.0302083 0.0648148 0.765995
1 0.486198 0.287963 0.0192708 0.0685185 0.798175
1 0.39375 0.426389 0.0166667 0.075 0.800718
1 0.259375 0.369907 0.021875 0.0601852 0.824129
1 0.260417 0.7625 0.025 0.062037 0.825967
1 0.116927 0.621759 0.0182292 0.0842593 0.856089
1 0.189844 0.401852 0.0161458 0.0796296 0.862882
1 0.846615 0.325463 0.0182292 0.0675926 0.866414
1 0.913542 0.246296 0.025 0.0722222 0.866611
1 0.611979 0.613889 0.021875 0.0833333 0.875924
1 0.758073 0.906018 0.0286458 0.0712963 0.876458
1 0.488021 0.172222 0.0177083 0.062963 0.885348
1 0.180469 0.268519 0.0234375 0.0722222 0.896166
1 0.221094 0.0930556 0.0171875 0.0601852 0.90684
