1 0.407292 0.0134259 0.0135417 0.0268519 0.557243
2 0.332292 0.450463 0.0135417 0.0657407 0.706638
1 0.0510417 0.673611 0.01875 0.075 0.782257
1 0.323698 0.233796 0.0307292 0.0638889 0.817595
1 0.518229 0.451852 0.0197917 0.0777778 0.83119
1 0.132292 0.357407 0.015625 0.0648148 0.833475
1 0.78125 0.280093 0.0177083 0.0712963 0.869576
1 0.146615 0.0662037 0.0161458 0.0657407 0.871266
1 0.723698 0.2 0.0234375 0.0703704 0.879562
1 0.0296875 0.576852 0.0197917 0.0796296 0.880386
1 0.791146 0.809259 0.0229167 0.0814815 0.884084
1 0.446094 0.277315 0.0213542 0.0675926 0.885913
1 0.9 0.481944 0.0197917 0.0731481 0.88979
1 0.266146 0.375926 0.0208333 0.0722222 0.893541
1 0.0632813 0.341204 0.0203125 0.0787037 0.896547
1 0.533594 0.631019 0.0192708 0.0824074 0.89758
1 0.423958 0.171296 0.0177083 0.0648148 0.898462
1 0.10026 0.205093 0.0171875 0.0731481 0.901479
