0 0.528906 0.452778 0.00677083 0.0111111 0.527567
1 0.386979 0.189352 0.015625 0.0657407 0.694093
1 0.76901 0.822222 0.0182292 0.0796296 0.740663
1 0.759896 0.292593 0.021875 0.0611111 0.820107
1 0.301823 0.256481 0.0161458 0.0685185 0.825267
2 0.291146 0.484722 0.015625 0.0675926 0.828024
1 0.36875 0.025463 0.015625 0.0490741 0.832864
1 0.426823 0.302778 0.0171875 0.0703704 0.844788
1 0.0851562 0.374074 0.0171875 0.0555556 0.846784
1 0.0145833 0.356481 0.0145833 0.0740741 0.851531
1 0.477604 0.489815 0.0166667 0.0833333 0.852809
1 0.854427 0.500463 0.0182292 0.0768519 0.853732
1 0.671615 0.211574 0.0171875 0.0694444 0.86568
1 0.210938 0.40463 0.021875 0.0740741 0.869358
1 0.113542 0.0819444 0.015625 0.062037 0.875986
1 0.490365 0.661111 0.0192708 0.0814815 0.88834
1 0.985937 0.241204 0.01875 0.0712963 0.889102
1 0.0627604 0.217593 0.0171875 0.0703704 0.903172
