0 0.577604 0.50463 0.00729167 0.012963 0.412526
1 0.851823 0.381019 0.0140625 0.0638889 0.721966
1 0.586719 0.490741 0.0234375 0.0648148 0.736252
1 0.34974 0.306019 0.0255208 0.0657407 0.828522
1 0.520573 0.0625 0.0171875 0.0583333 0.829594
1 0.632552 0.413889 0.0234375 0.0666667 0.842158
1 0.791146 0.669907 0.01875 0.0787037 0.855401
1 0.376042 0.33287 0.01875 0.075 0.860749
1 0.558594 0.672222 0.0192708 0.0814815 0.863775
1 0.283333 0.289815 0.025 0.0555556 0.867263
1 0.652865 0.146296 0.0140625 0.0666667 0.871973
1 0.2875 0.62037 0.021875 0.0833333 0.881376
1 0.665365 0.961111 0.0317708 0.0740741 0.887324
1 0.661979 0.238889 0.0291667 0.0611111 0.889639
1 0.439063 0.0837963 0.0145833 0.0675926 0.896822
1 0.374219 0.260185 0.0255208 0.0685185 0.905344
