2 0.583333 0.357407 0.0197917 0.0611111 0.307622
1 0.334635 0.217593 0.0213542 0.0703704 0.637249
1 0.370833 0.0148148 0.0135417 0.0296296 0.719892
1 0.56901 0.537037 0.0171875 0.0851852 0.823121
1 0.417969 0.630556 0.0182292 0.0833333 0.849471
1 0.330469 0.183333 0.0265625 0.0648148 0.853015
1 0.719792 0.274074 0.01875 0.0759259 0.855628
1 0.639063 0.174074 0.0177083 0.0666667 0.861157
1 0.764323 0.808796 0.0286458 0.0712963 0.869079
1 0.773698 0.518056 0.0203125 0.0694444 0.869362
1 0.633333 0.0787037 0.0135417 0.0666667 0.877873
1 0.290625 0.173148 0.0208333 0.0666667 0.893775
1 0.334896 0.26713 0.0260417 0.0712963 0.900205
1 0.572917 0.326389 0.01875 0.0675926 0.909785
1 0.303906 0.531482 0.0276042 0.0740741 0.912823
