2 0.690885 0.436111 0.0140625 0.062963 0.560359
0 0.576563 0.505556 0.00729167 0.012963 0.604305
1 0.588542 0.489352 0.0239583 0.0675926 0.668527
1 0.853646 0.385185 0.0166667 0.0666667 0.803483
1 0.660937 0.963426 0.0291667 0.0712963 0.811694
1 0.520052 0.0638889 0.0130208 0.0574074 0.813255
1 0.790104 0.672685 0.0197917 0.0805556 0.814009
1 0.351042 0.307407 0.025 0.0648148 0.819675
1 0.633073 0.415278 0.0255208 0.0675926 0.861377
1 0.288021 0.619907 0.0229167 0.0842593 0.878707
1 0.652083 0.147685 0.0166667 0.0657407 0.884075
1 0.560938 0.674074 0.01875 0.0796296 0.884501
1 0.378646 0.333333 0.0197917 0.0722222 0.886312
1 0.286458 0.293056 0.0239583 0.0583333 0.886383
1 0.443229 0.0856481 0.0145833 0.0657407 0.889321
1 0.376302 0.260648 0.0244792 0.0675926 0.891279
1 0.660677 0.240741 0.0265625 0.062963 0.89711
