0 0.523177 0.4625 0.00572917 0.012037 0.264304
0 0.514063 0.493981 0.00625 0.012037 0.299694
1 0.0380208 0.681019 0.0208333 0.075 0.574926
1 0.396615 0.0157407 0.0192708 0.0314815 0.736393
2 0.323438 0.459722 0.0135417 0.0675926 0.828553
1 0.122135 0.3625 0.0151042 0.0694444 0.829541
1 0.510156 0.460648 0.0203125 0.0805556 0.859681
1 0.319271 0.240278 0.025 0.0638889 0.861488
1 0.253646 0.381481 0.0166667 0.0722222 0.864121
1 0.138802 0.0685185 0.0151042 0.0648148 0.875327
1 0.713802 0.202778 0.0213542 0.0703704 0.87717
1 0.890365 0.484722 0.0182292 0.0694444 0.879236
1 0.784115 0.8125 0.0244792 0.0824074 0.882505
1 0.441667 0.282407 0.0197917 0.0703704 0.88482
1 0.0526042 0.344907 0.01875 0.0787037 0.885006
1 0.777083 0.281481 0.0229167 0.0703704 0.885178
1 0.523438 0.637037 0.01875 0.0814815 0.890695
1 0.0203125 0.581019 0.01875 0.075 0.897784
1 0.416667 0.175463 0.0177083 0.0657407 0.901301
1 0.0919271 0.209259 0.0171875 0.0740741 0.90222
