0 0.520312 0.54213 0.00625 0.0101852 0.424365
1 0.46875 0.0115741 0.0125 0.0231481 0.439135
2 0.474219 0.44213 0.0161458 0.0638889 0.68858
1 0.54349 0.243519 0.0182292 0.0685185 0.766718
1 0.669271 0.577315 0.0197917 0.0824074 0.814849
1 0.898698 0.279167 0.0151042 0.075 0.823651
1 0.770052 0.865741 0.0338542 0.0722222 0.841261
1 0.217708 0.712037 0.0177083 0.087037 0.842858
1 0.295052 0.241667 0.0171875 0.0648148 0.847661
1 0.535937 0.131019 0.0135417 0.0472222 0.858112
1 0.301042 0.3125 0.028125 0.0638889 0.859888
1 0.186198 0.577778 0.0192708 0.0814815 0.864817
1 0.219531 0.231019 0.0234375 0.0712963 0.865036
1 0.604167 0.363426 0.0208333 0.0675926 0.866017
1 0.466146 0.39213 0.0177083 0.0583333 0.874267
1 0.992188 0.204167 0.0145833 0.0731481 0.879673
1 0.277344 0.0560185 0.0151042 0.0657407 0.879755
1 0.379948 0.699074 0.0234375 0.0851852 0.883162
1 0.254948 0.35 0.0203125 0.0722222 0.910571
