0 0.534115 0.455093 0.00677083 0.012037 0.55661
1 0.425521 0.0111111 0.01875 0.0203704 0.608616
2 0.358073 0.437963 0.0130208 0.0666667 0.741747
1 0.0916667 0.678704 0.021875 0.0796296 0.816376
1 0.160938 0.350926 0.0135417 0.0666667 0.821087
1 0.0583333 0.574537 0.0145833 0.0824074 0.844193
1 0.547135 0.4375 0.0223958 0.0768519 0.852967
1 0.298698 0.366667 0.0213542 0.0722222 0.857715
1 0.930208 0.486111 0.0166667 0.0740741 0.863492
1 0.764583 0.193519 0.0145833 0.0722222 0.865056
1 0.16849 0.0634259 0.0171875 0.0638889 0.865392
1 0.801562 0.818056 0.0229167 0.0731481 0.866088
1 0.796354 0.278704 0.0177083 0.0703704 0.878237
1 0.464323 0.269444 0.0213542 0.0685185 0.87959
1 0.560417 0.614815 0.0177083 0.0851852 0.883738
1 0.442969 0.168056 0.0171875 0.0657407 0.88904
1 0.124219 0.20463 0.0151042 0.0722222 0.889182
1 0.330208 0.227778 0.0291667 0.0648148 0.889683
1 0.0932292 0.341204 0.0166667 0.0787037 0.907028
1 0.0283854 0.686574 0.0223958 0.0842593 0.91581
