0 0.549479 0.563889 0.00729167 0.0111111 0.672477
1 0.342969 0.0171296 0.0119792 0.0342593 0.76146
1 0.347135 0.239815 0.0223958 0.0592593 0.773877
1 0.742969 0.5125 0.0151042 0.0768519 0.776437
2 0.548698 0.373148 0.0182292 0.062963 0.808152
1 0.674219 0.295833 0.0213542 0.062037 0.813433
1 0.342187 0.192593 0.0302083 0.0666667 0.816424
1 0.505729 0.59213 0.01875 0.0787037 0.821019
1 0.970833 0.197222 0.0125 0.0703704 0.827509
1 0.274219 0.523611 0.0182292 0.0824074 0.83436
1 0.285417 0.175926 0.015625 0.0740741 0.847264
1 0.604688 0.0759259 0.0125 0.0574074 0.857242
1 0.797396 0.802778 0.028125 0.0703704 0.86736
1 0.620052 0.181481 0.0161458 0.0703704 0.875859
1 0.336198 0.643056 0.0265625 0.0824074 0.8763
1 0.540625 0.33287 0.0166667 0.0731481 0.889428
1 0.321354 0.287963 0.025 0.0722222 0.918196
