2 0.423698 0.5 0.0171875 0.0703704 0.461256
1 0.996615 0.526852 0.00677083 0.0796296 0.461468
0 0.524479 0.478241 0.00625 0.0101852 0.465212
1 0.485938 0.288889 0.0208333 0.0685185 0.695901
1 0.551823 0.425926 0.0182292 0.0666667 0.805812
1 0.395573 0.42963 0.0161458 0.0740741 0.815341
1 0.263281 0.762963 0.0255208 0.0666667 0.826106
1 0.43776 0.0300926 0.0182292 0.0546296 0.831621
1 0.116406 0.624537 0.0171875 0.0824074 0.845606
1 0.190104 0.401852 0.0166667 0.0796296 0.854762
1 0.845312 0.327778 0.0177083 0.0740741 0.85599
1 0.257552 0.369444 0.0265625 0.0611111 0.862753
1 0.611198 0.613426 0.0213542 0.0824074 0.877534
1 0.485938 0.171759 0.015625 0.0657407 0.880375
1 0.26276 0.268981 0.0307292 0.0638889 0.883326
1 0.219271 0.0935185 0.0145833 0.0611111 0.885134
1 0.752604 0.906944 0.0322917 0.0694444 0.886507
1 0.114844 0.778704 0.0276042 0.0851852 0.892137
1 0.914062 0.246296 0.0239583 0.0703704 0.893947
1 0.178646 0.268056 0.0260417 0.0712963 0.907123
