0 0.540625 0.445833 0.00625 0.0101852 0.260397
2 0.40651 0.48287 0.0151042 0.0657407 0.405645
1 0.171094 0.261111 0.0140625 0.0796296 0.83614
1 0.0898438 0.763426 0.0171875 0.0787037 0.837689
1 0.210677 0.747685 0.0276042 0.0657407 0.855646
1 0.558073 0.421296 0.0234375 0.0666667 0.856475
1 0.365104 0.418981 0.015625 0.0731481 0.857914
1 0.990885 0.530556 0.0151042 0.0759259 0.861835
1 0.279948 0.251852 0.0244792 0.0555556 0.864588
1 0.254948 0.375463 0.0307292 0.0509259 0.867431
1 0.435937 0.025463 0.0166667 0.0509259 0.870158
1 0.10599 0.61713 0.0234375 0.0861111 0.872929
1 0.834635 0.318519 0.0192708 0.0722222 0.874117
1 0.879948 0.234259 0.0182292 0.0722222 0.87543
1 0.166927 0.39213 0.0171875 0.0805556 0.87953
1 0.477604 0.286111 0.015625 0.0722222 0.883247
1 0.477865 0.170833 0.0171875 0.0638889 0.890277
1 0.60026 0.597685 0.0182292 0.075 0.890562
1 0.769531 0.886111 0.0276042 0.0685185 0.900997
1 0.207292 0.0902778 0.0229167 0.062037 0.903838
