0 0.533073 0.444444 0.00572917 0.0111111 0.595338
2 0.26276 0.504167 0.0151042 0.0638889 0.802409
1 0.36276 0.199537 0.0140625 0.0657407 0.808235
1 0.822917 0.510648 0.01875 0.0768519 0.833117
1 0.0528646 0.389352 0.0213542 0.0527778 0.846176
1 0.343229 0.0412037 0.0166667 0.0527778 0.852861
1 0.954427 0.256481 0.0223958 0.0685185 0.862523
1 0.745833 0.301852 0.025 0.0592593 0.865713
1 0.0895833 0.0930556 0.0145833 0.062037 0.86663
1 0.636719 0.225926 0.0171875 0.0703704 0.87067
1 0.74974 0.836111 0.0223958 0.0851852 0.87224
1 0.277865 0.270833 0.0203125 0.0694444 0.874417
1 0.178125 0.421296 0.0197917 0.0740741 0.884756
1 0.453906 0.516667 0.0182292 0.0814815 0.886307
1 0.0354167 0.231481 0.0166667 0.0685185 0.887639
1 0.410937 0.321296 0.0229167 0.0685185 0.891213
1 0.460417 0.681019 0.01875 0.0824074 0.903729
