0 0.505729 0.531482 0.00625 0.0111111 0.490338
1 0.50651 0.26713 0.0151042 0.0694444 0.632038
1 0.742969 0.9 0.0265625 0.0740741 0.773325
1 0.445052 0.0217593 0.0161458 0.0435185 0.784188
1 0.1625 0.745833 0.0208333 0.0842593 0.808306
1 0.321615 0.739352 0.0213542 0.0768519 0.813384
2 0.442448 0.473611 0.0192708 0.0675926 0.842882
1 0.634115 0.593982 0.0161458 0.0842593 0.850557
1 0.571094 0.398148 0.0265625 0.0666667 0.851647
1 0.191927 0.253704 0.0171875 0.0703704 0.856039
1 0.24401 0.0796296 0.0140625 0.062963 0.867692
1 0.144271 0.605556 0.0229167 0.0833333 0.870256
1 0.270833 0.346759 0.021875 0.062037 0.870786
1 0.26901 0.264352 0.0307292 0.0712963 0.876038
1 0.954167 0.228704 0.015625 0.0685185 0.878115
1 0.865104 0.310648 0.015625 0.0694444 0.88475
1 0.503906 0.157407 0.0171875 0.05 0.888793
1 0.424219 0.418981 0.0182292 0.0675926 0.892235
1 0.220313 0.379167 0.025 0.0768519 0.902884
