0 0.564323 0.522685 0.00677083 0.0101852 0.582925
1 0.527344 0.0143519 0.0161458 0.0287037 0.733901
1 0.289844 0.220833 0.0203125 0.0712963 0.783953
1 0.297396 0.237037 0.0239583 0.0518519 0.801544
1 0.311979 0.227315 0.0229167 0.0638889 0.81354
1 0.64349 0.192593 0.0203125 0.062963 0.830265
1 0.717708 0.87963 0.028125 0.0703704 0.850497
1 0.639323 0.120833 0.0161458 0.0583333 0.868785
1 0.583854 0.519907 0.025 0.0694444 0.869388
1 0.324479 0.290741 0.021875 0.0759259 0.869759
1 0.484115 0.628704 0.0182292 0.0907407 0.874022
1 0.774219 0.315278 0.0151042 0.0731481 0.878971
1 0.778646 0.587037 0.01875 0.0759259 0.884315
1 0.591667 0.360185 0.0166667 0.0685185 0.886653
1 0.290885 0.592593 0.0244792 0.0814815 0.889544
1 0.379948 0.0375 0.0192708 0.0638889 0.894741
