0 0.542969 0.446759 0.00885417 0.0138889 0.557489
1 0.555208 0.42037 0.0229167 0.062963 0.653106
1 0.222656 0.753241 0.0307292 0.062037 0.728007
1 0.176302 0.264815 0.0140625 0.0759259 0.83559
1 0.372135 0.419907 0.0151042 0.0731481 0.838425
1 0.0981771 0.764352 0.0161458 0.0768519 0.841455
1 0.838802 0.320833 0.0182292 0.0712963 0.859251
1 0.257552 0.374537 0.0296875 0.0527778 0.867291
1 0.278385 0.257407 0.0276042 0.0518519 0.873841
1 0.438802 0.0268519 0.0171875 0.0537037 0.875755
1 0.891927 0.238889 0.0203125 0.0703704 0.877297
1 0.482552 0.287037 0.0161458 0.0685185 0.881433
1 0.604167 0.602315 0.0197917 0.0768519 0.883643
1 0.991927 0.530093 0.0161458 0.075 0.890164
1 0.110677 0.618981 0.0223958 0.0861111 0.890463
1 0.175521 0.393519 0.01875 0.0796296 0.89148
1 0.48125 0.171296 0.0208333 0.062963 0.894595
1 0.767448 0.894907 0.0307292 0.0768519 0.905143
1 0.21224 0.0912037 0.0223958 0.062037 0.91233
