2 0.698958 0.437963 0.0145833 0.0648148 0.407371
0 0.575781 0.508333 0.00677083 0.0111111 0.571004
1 0.589844 0.484259 0.0244792 0.0611111 0.795142
1 0.859375 0.390741 0.0177083 0.0703704 0.818099
1 0.29349 0.298148 0.0265625 0.0574074 0.85385
1 0.355208 0.310185 0.0260417 0.062963 0.854849
1 0.521094 0.0675926 0.0151042 0.0592593 0.855131
1 0.382552 0.333796 0.0171875 0.0731481 0.855196
1 0.791667 0.676852 0.021875 0.0851852 0.86072
1 0.658333 0.243981 0.0229167 0.062037 0.862874
1 0.566146 0.676852 0.01875 0.0796296 0.871485
1 0.2875 0.619444 0.01875 0.0851852 0.876445
1 0.660937 0.9625 0.0375 0.0694444 0.878111
1 0.651823 0.149537 0.0213542 0.0638889 0.880548
1 0.452083 0.087963 0.015625 0.0611111 0.882832
1 0.636719 0.417593 0.0265625 0.0703704 0.884739
1 0.380469 0.260648 0.0203125 0.0694444 0.897637
