2 0.658333 0.42037 0.0166667 0.0666667 0.465351
0 0.573177 0.511111 0.00677083 0.0111111 0.611209
1 0.828906 0.354167 0.0223958 0.0712963 0.80352
1 0.351823 0.243519 0.0171875 0.0740741 0.823651
1 0.591667 0.504167 0.025 0.0694444 0.84908
1 0.284115 0.256481 0.0182292 0.0574074 0.856622
1 0.347135 0.275926 0.0161458 0.0722222 0.857362
1 0.794271 0.635648 0.021875 0.0731481 0.866561
1 0.626302 0.389352 0.0192708 0.0657407 0.867497
1 0.665365 0.221759 0.0244792 0.062037 0.869266
1 0.409115 0.0638889 0.0151042 0.0648148 0.877854
1 0.528125 0.0393519 0.0229167 0.0601852 0.886483
1 0.541146 0.645833 0.0208333 0.0731481 0.888296
1 0.360677 0.318056 0.0203125 0.0768519 0.892352
1 0.296615 0.61713 0.0234375 0.0861111 0.894661
1 0.65026 0.1375 0.0203125 0.0638889 0.898708
1 0.701042 0.926852 0.0385417 0.0722222 0.899774
