0 0.575 0.508333 0.00625 0.0111111 0.538901
1 0.688021 0.938889 0.0260417 0.0722222 0.815403
1 0.589583 0.499537 0.01875 0.0712963 0.838245
1 0.524479 0.0472222 0.0135417 0.0555556 0.839812
2 0.668229 0.423148 0.0166667 0.0648148 0.854363
1 0.36849 0.325 0.0244792 0.0759259 0.860737
1 0.794531 0.647685 0.0213542 0.0768519 0.861773
1 0.836979 0.363426 0.0208333 0.075 0.86833
1 0.548698 0.65463 0.0223958 0.0759259 0.873049
1 0.666927 0.228704 0.0223958 0.0666667 0.878669
1 0.280729 0.263889 0.0270833 0.0611111 0.880219
1 0.629948 0.397685 0.0223958 0.0694444 0.886782
1 0.360938 0.250463 0.0197917 0.0657407 0.888259
1 0.348698 0.285185 0.0223958 0.0648148 0.888845
1 0.297917 0.61713 0.0385417 0.0861111 0.89763
1 0.417188 0.0699074 0.0166667 0.0657407 0.898035
1 0.651823 0.142593 0.0234375 0.0611111 0.900507
